           4
           1          -1          29          -1           0          -1
           1           1           3
           2           3           6
           3           6          11
           4          11          17
           5          17          26
           6          26          37
           7          37          50
           8          50          62
           9          62          76
          10          76          85
          11          85          98
          12          98         114
          13         114         133
          14         133         157
          15         157         160
          16         160         189
          17         189         217
          18         217         245
          19         245         279
          20         279         310
          21         310         346
          22         346         383
          23         383         422
          24         422         456
          25         456         496
          26         496         543
          27         543         590
          28         590         639
          29         639         689
           2          -1          39          -1          -1          -1
           1         689         690
           2         690         691
           3         691         696
           4         696         707
           5         707         711
           6         711         719
           7         719         729
           8         729         742
           9         742         748
          10         748         767
          11         767         779
          12         779         792
          13         792         809
          14         809         825
          15         825         845
          16         845         863
          17         863         879
          18         879         901
          19         901         921
          20         921         943
          21         943         968
          22         968         989
          23         989        1013
          24        1013        1033
          25        1033        1059
          26        1059        1085
          27        1085        1109
          28        1109        1126
          29        1126        1142
          30        1142        1156
          31        1156        1168
          32        1168        1179
          33        1179        1190
          34        1190        1198
          35        1198        1205
          36        1205        1211
          37        1211        1216
          38        1216        1219
          39        1219        1221
           3          -1          31          -1           0          -1
           1        1075        1076
           2        1076        1077
           3        1077        1082
           4        1082        1087
           5        1087        1092
           6        1092        1093
           7        1093        1098
           8        1098        1107
           9        1107        1113
          10        1113        1118
          11        1118        1119
          12        1119        1128
          13        1128        1133
          14        1133        1139
          15        1139        1148
          16        1148        1149
          17        1149        1154
          18        1154        1163
          19        1163        1169
          20        1169        1176
          21        1176        1182
          22        1182        1187
          23        1187        1194
          24        1194        1199
          25        1199        1204
          26        1204        1208
          27        1208        1212
          28        1212        1215
          29        1215        1218
          30        1218        1220
          31        1220        1221
           4          -1          38          -1          -1          -1
           1           1           2
           2           2           5
           3           5          10
           4          10          16
           5          16          25
           6          25          34
           7          34          45
           8          45          59
           9          59          72
          10          72          83
          11          83          97
          12          97         111
          13         111         130
          14         130         151
          15         151         179
          16         179         206
          17         206         233
          18         233         263
          19         263         299
          20         299         330
          21         330         370
          22         370         406
          23         406         443
          24         443         480
          25         480         523
          26         523         568
          27         568         617
          28         617         672
          29         672         716
          30         716         757
          31         757         801
          32         801         843
          33         843         881
          34         881         922
          35         922         963
          36         963        1001
          37        1001        1040
          38        1040        1075
