0  60
1617   1616
1662   1659
1709   1706
1756   1755
1812   1811
1864   1862
1914   1913
1967   1966
2017   2016
2072   2071
2120   2119
2178   2177
2215   2214
2256   2254
2286   2285
2315   2314
2341   2340
2367   2366
2390   2389
2414   2413
2441   2440
2464   2462
2485   2484
2505   2504
2520   2521
2537   2538
2553   2554
2567   2569
2582   2584
2595   2596
2607   2609
2621   2622
2633   2634
953    955 
981    982 
1016   1017
1044   1045
1067   1068
1096   1098
1124   1125
1150   1152
1182   1185
1209   1212
1242   1243
1258   1261
1282   1283
1301   1304
1318   1319
1336   1341
1357   1358
1386   1389
1411   1414
1430   1435
1453   1455
1464   1466
1471   1476
1484   1489
1495   1498
1507   1510
1516   1518
