          4           2
      1             0.00000        0.00000
      1             3.00e05        0.00000
      2             3.00e05        4.00e05 
      4             0.00000        4.00e05
     0
        4
     1     1     2    -1    -1     0    -1
     2     2     3    -1    -1    -1    -1
     3     3     4    -1    -1     0    -1
     4     4     1    -1    -1    -1    -1
             0
     



           96           2
     1      97.000   33.000     0.10
     2      97.000   32.900     0.10
     3      97.000   29.100     0.10
     4      97.000   29.000     0.10
     5      97.000   22.000     0.10
     6     104.500   22.000     0.10
     7     104.600   22.000     0.10
     8     106.000   22.000     0.10
     9     106.000   32.600     0.10
    10     106.000   32.800     0.10    
    11     106.000   33.000     0.10
    12      97.870   32.470     0.10
    13      98.980   32.060     0.10
    14     100.000   31.800     0.10
    15     100.490   31.500     0.10
    16     100.740   31.350     0.10
    17     100.980   31.150     0.10
    18     101.180   30.950     0.10
    19     101.580   30.550     0.10
    20     101.830   30.310     0.10
    21     102.060   30.050     0.10
    22     102.130   29.800     0.10
    23     102.240   29.400     0.10
    24     102.220   27.910     0.10
    25     102.940   26.900     0.10
    26     103.140   26.300     0.10
    27     103.240   26.000     0.10
    28     103.260   25.370     0.10
    29     103.150   24.550     0.10
    30     103.150   24.010     0.10
    31     103.520   23.190     0.10
    32     104.100   22.450     0.10
    33     104.010   22.430     0.10
    34     103.890   22.590     0.10
    35     103.450   23.160     0.10
    36     103.070   23.980     0.10
    37     103.070   24.530     0.10
    38     103.180   25.350     0.10
    39     103.170   25.980     0.10
    40     103.070   26.280     0.10
    41     102.860   26.870     0.10
    42     102.150   27.890     0.10
    43     102.170   29.380     0.10
    44     102.000   30.040     0.10
    45     101.780   30.300     0.10
    46     101.530   30.530     0.10
    47     101.120   30.920     0.10
    48     100.910   31.130     0.10
    49     100.680   31.330     0.10
    50     100.440   31.480     0.10
    51      99.940   31.770     0.10
    52      98.910   32.040     0.10
    53      97.820   32.450     0.10
    54      97.850   28.590     0.10
    55      98.720   28.540     0.10
    56      99.420   28.010     0.10
    57      99.940   26.870     0.10
    58      99.890   26.570     0.10
    59      99.710   26.250     0.10
    60     100.080   25.970     0.10
    61     100.590   25.010     0.10
    62     101.900   23.590     0.10
    63     102.340   23.350     0.10
    64     103.150   23.070     0.10
    65     103.070   23.030     0.10
    66     102.270   23.320     0.10
    67     101.830   23.560     0.10
    68     100.480   25.000     0.10
    69     100.010   25.930     0.10
    70      99.620   26.240     0.10
    71      99.820   26.580     0.10
    72      99.860   26.870     0.10
    73      99.350   27.980     0.10
    74      98.670   28.490     0.10
    75      97.770   28.560     0.10
    76     100.000   30.120     0.10
    77     100.900   29.190     0.10
    78     100.750   29.070     0.10
    79      99.850   30.020     0.10
    80     101.430   28.000     0.10
    81     101.560   27.800     0.10
    82     103.390   27.900     0.10
    83     103.570   27.890     0.10
    84     103.580   28.940     0.10
    85     103.340   29.790     0.10
    86     103.160   29.740     0.10
    87     103.390   28.910     0.10
    88     102.770   28.950     0.10
    89     102.620   28.840     0.10
    90     104.160   31.770     0.10
    91     102.270   30.020     0.10
    92     102.450   29.880     0.10
    93     104.280   31.650     0.10    
    94     106.000   29.580     0.10
    95      97.000   27.740     0.10
    96     100.260   22.000     0.10
     0
         104
     1     1     2     0     0     0     0
     2     2     3     0     0     0     0
     3     3     4     0     0     0     0
     4     4    95     0     0     0     0
     5    95     5     0     0     0     0
     6     5    96     0     0     0     0
     7    96     6     0     0     0     0
     8     6     7     0     0     0     0
     9     7     8     0     0     0     0
    10     8    94     0     0     0     0
    11    94     9     0     0     0     0
    12     9    10     0     0     0     0
    13    10    11     0     0     0     0
    14    11     1     0     0     0     0
    15     1    12     0     0     0     0
    16    12    13     0     0     0     0
    17    13    14     0     0     0     0
    18    14    15     0     0     0     0
    19    15    16     0     0     0     0
    20    16    17     0     0     0     0
    21    17    18     0     0     0     0
    22    18    19     0     0     0     0
    23    19    20     0     0     0     0
    24    20    21     0     0     0     0
    25    21    22     0     0     0     0
    26    22    23     0     0     0     0
    27    23    24     0     0     0     0
    28    24    25     0     0     0     0
    29    25    26     0     0     0     0
    30    26    27     0     0     0     0
    31    27    28     0     0     0     0
    32    28    29     0     0     0     0
    33    29    30     0     0     0     0
    34    30    31     0     0     0     0
    35    31    32     0     0     0     0
    36    32     7     0     0     0     0
    37     6    33     0     0     0     0
    38    33    34     0     0     0     0
    39    34    35     0     0     0     0
    40    35    36     0     0     0     0
    41    36    37     0     0     0     0
    42    37    38     0     0     0     0
    43    38    39     0     0     0     0
    44    39    40     0     0     0     0
    45    40    41     0     0     0     0
    46    41    42     0     0     0     0
    47    42    43     0     0     0     0
    48    43    44     0     0     0     0
    49    44    45     0     0     0     0
    50    45    46     0     0     0     0
    51    46    47     0     0     0     0
    52    47    48     0     0     0     0
    53    48    49     0     0     0     0
    54    49    50     0     0     0     0
    55    50    51     0     0     0     0
    56    51    52     0     0     0     0
    57    52    53     0     0     0     0
    58    53     2     0     0     0     0
    59     3    54     0     0     0     0
    60    54    55     0     0     0     0
    61    55    56     0     0     0     0
    62    56    57     0     0     0     0
    63    57    58     0     0     0     0
    64    58    59     0     0     0     0
    65    59    60     0     0     0     0
    66    60    61     0     0     0     0
    67    61    62     0     0     0     0
    68    62    63     0     0     0     0
    69    63    64     0     0     0     0
    70    64    34     0     0     0     0
    71    33    65     0     0     0     0
    72    65    66     0     0     0     0
    73    66    67     0     0     0     0
    74    67    68     0     0     0     0
    75    68    69     0     0     0     0
    76    69    70     0     0     0     0
    77    70    71     0     0     0     0
    78    71    72     0     0     0     0
    79    72    73     0     0     0     0
    80    73    74     0     0     0     0
    81    74    75     0     0     0     0
    82    75     4     0     0     0     0
    83    76    77     0     0     0     0
    84    77    78     0     0     0     0
    85    78    79     0     0     0     0
    86    79    76     0     0     0     0
    87    57    80     0     0     0     0
    88    80    81     0     0     0     0
    89    81    58     0     0     0     0
    90    82    83     0     0     0     0
    91    83    84     0     0     0     0
    92    84    85     0     0     0     0
    93    85    86     0     0     0     0
    94    86    87     0     0     0     0
    95    87    82     0     0     0     0
    96    22    88     0     0     0     0
    97    88    26     0     0     0     0
    98    25    89     0     0     0     0
    99    89    23     0     0     0     0
   100    10    90     0     0     0     0
   101    90    91     0     0     0     0
   102    91    92     0     0     0     0
   103    92    93     0     0     0     0
   104    93     9     0     0     0     0
             0


