# Lon-1 Lat-1 Lon-2 Lat-2 L(km) Z(km) strike dip U_s S_s U_d S_d U_t S_t!
a. SAF Carrizo!
1 239.815 35.639 239.869 35.583 7.908 22.0 141.8 90 31.5 0.2 0.0 0.0 -0.0 0.3!
2 239.869 35.583 239.923 35.528 7.824 22.0 141.2 90 31.5 0.2 0.0 0.0 -0.1 0.3!
3 239.923 35.528 239.977 35.473 7.826 22.0 141.2 90 31.5 0.2 0.0 0.0 0.0 0.3!
4 239.977 35.473 240.031 35.418 7.828 22.0 141.2 90 31.5 0.2 0.0 0.0 0.2 0.3!
5 240.031 35.418 240.085 35.362 7.917 22.0 141.7 90 31.4 0.2 0.0 0.0 0.7 0.3!
6 240.085 35.362 240.140 35.307 7.889 22.0 140.7 90 31.5 0.2 0.0 0.0 0.3 0.4!
7 240.140 35.307 240.188 35.264 6.467 22.0 137.5 90 31.4 0.2 0.0 0.0 -1.2 0.4!
8 240.188 35.264 240.236 35.221 6.469 22.0 137.5 90 31.4 0.2 0.0 0.0 -1.1 0.4!
9 240.236 35.221 240.284 35.177 6.553 22.0 138.1 90 31.4 0.2 0.0 0.0 -0.6 0.4!
10 240.284 35.177 240.333 35.134 6.534 22.0 136.9 90 31.4 0.2 0.0 0.0 -1.1 0.4!
11 240.333 35.134 240.399 35.085 8.109 22.0 132.1 90 31.2 0.2 0.0 0.0 -3.5 0.4!
12 240.399 35.085 240.464 35.037 7.970 22.0 131.9 90 31.2 0.2 0.0 0.0 -3.4 0.4!
13 240.464 35.037 240.529 34.988 8.047 22.0 132.5 90 31.2 0.2 0.0 0.0 -2.9 0.4!
14 240.529 34.988 240.594 34.942 7.828 22.0 130.7 90 31.1 0.2 0.0 0.0 -3.7 0.5!

b. SAF White Wolf-Garlock!
1 240.594 34.942 240.692 34.903 9.945 25.0 115.8 90 28.5 0.4 0.0 0.0 -8.4 0.7!
2 240.692 34.903 240.790 34.864 9.949 25.0 115.7 90 28.5 0.4 0.0 0.0 -8.3 0.7!
3 240.790 34.864 240.863 34.855 6.750 15.0 98.5 90 24.8 0.4 0.0 0.0 -16.2 0.7!
4 240.863 34.855 240.936 34.846 6.750 15.0 98.5 90 24.8 0.4 0.0 0.0 -16.1 0.7!
5 240.936 34.846 241.019 34.828 7.850 15.0 104.7 90 26.4 0.4 0.0 0.0 -13.2 0.7!
6 241.019 34.828 241.103 34.811 7.913 15.0 103.8 90 26.1 0.4 0.0 0.0 -13.5 0.7!
!
c. SAF Mojave!
1 241.103 34.811 241.144 34.792 4.303 15.0 119.3 90 16.4 0.8 0.0 0.0 -1.7 1.1!
2 241.144 34.792 241.231 34.769 8.362 15.0 107.7 90 15.7 0.7 0.0 0.0 -4.9 1.1!
3 241.231 34.769 241.318 34.746 8.364 15.0 107.7 90 15.7 0.7 0.0 0.0 -4.9 1.0!
4 241.318 34.746 241.406 34.724 8.421 15.0 106.8 90 15.7 0.7 0.0 0.0 -5.1 1.0!
5 241.406 34.724 241.493 34.701 8.368 15.0 107.7 90 15.7 0.7 0.0 0.0 -4.8 0.9!
6 241.493 34.701 241.498 34.699 0.509 15.0 115.8 90 16.3 0.8 0.0 0.0 -2.5 0.8!
7 241.498 34.699 241.597 34.662 9.958 15.0 114.3 90 16.2 0.8 0.0 0.0 -3.0 0.8!
8 241.597 34.662 241.696 34.624 10.008 15.0 114.9 90 16.2 0.8 0.0 0.0 -2.8 0.7!
9 241.696 34.624 241.795 34.587 9.965 15.0 114.3 90 16.2 0.8 0.0 0.0 -2.9 0.6!
10 241.795 34.587 241.894 34.549 10.015 15.0 114.9 90 16.2 0.8 0.0 0.0 -2.7 0.6!
11 241.894 34.549 241.993 34.512 9.973 15.0 114.3 90 16.2 0.8 0.0 0.0 -2.9 0.6!
12 241.993 34.512 242.088 34.472 9.789 15.0 116.9 90 16.3 0.8 0.0 0.0 -2.1 0.6!
13 242.088 34.472 242.184 34.432 9.875 15.0 116.7 90 16.3 0.8 0.0 0.0 -2.1 0.6!
14 242.184 34.432 242.279 34.391 9.847 15.0 117.5 90 16.3 0.8 0.0 0.0 -1.8 0.7!
15 242.279 34.391 242.375 34.351 9.882 15.0 116.7 90 16.3 0.8 0.0 0.0 -2.1 0.8!
16 242.375 34.351 242.470 34.311 9.804 15.0 116.9 90 16.3 0.8 0.0 0.0 -2.0 0.9!
!
d. SAF San Bernadino!
1 242.470 34.311 242.549 34.273 8.407 15.0 120.1 90 9.9 0.3 0.0 0.0 -3.3 0.6!
2 242.549 34.273 242.613 34.232 7.446 15.0 127.6 90 10.2 0.3 0.0 0.0 -1.9 0.5!
3 242.613 34.232 242.695 34.188 8.996 10.0 122.8 90 10.0 0.3 0.0 0.0 -2.6 0.5!
4 242.695 34.188 242.754 34.161 6.210 10.0 118.8 90 9.8 0.3 0.0 0.0 -3.3 0.5!
5 242.754 34.161 242.813 34.137 6.058 10.0 116.1 90 9.7 0.3 0.0 0.0 -3.6 0.4!
6 242.813 34.137 242.883 34.102 7.535 10.0 121.0 90 9.9 0.3 0.0 0.0 -2.7 0.4!
7 242.883 34.102 242.930 34.091 4.506 10.0 105.7 90 8.9 0.3 0.0 0.0 -5.2 0.4!
8 242.930 34.091 242.985 34.070 5.585 10.0 114.6 90 9.6 0.3 0.0 0.0 -3.7 0.4!
9 242.985 34.070 243.053 34.049 6.696 10.0 110.3 90 9.3 0.3 0.0 0.0 -4.3 0.4!
10 243.053 34.049 243.083 34.034 3.231 10.0 121.0 90 9.9 0.3 0.0 0.0 -2.4 0.3!
11 243.083 34.034 243.098 34.026 1.645 10.0 122.6 90 10.0 0.3 0.0 0.0 -2.1 0.3!
12 243.098 34.026 243.113 34.019 1.588 10.0 119.3 90 9.8 0.3 0.0 0.0 -2.7 0.3!
13 243.113 34.019 243.177 33.959 8.903 10.0 138.4 90 10.2 0.3 0.0 0.0 0.7 0.2!
14 243.177 33.959 243.202 33.951 2.475 10.0 111.0 90 9.4 0.3 0.0 0.0 -4.0 0.3!
15 243.202 33.951 243.246 33.945 4.121 10.0 99.3 90 8.4 0.2 0.0 0.0 -5.7 0.3!
16 243.246 33.945 243.307 33.950 5.666 10.0 84.4 90 6.6 0.2 0.0 0.0 -7.7 0.3!
17 243.307 33.950 243.406 33.935 9.302 10.0 100.3 90 8.4 0.2 0.0 0.0 -5.4 0.3!
18 243.406 33.935 243.502 33.900 9.689 10.0 113.6 90 9.5 0.3 0.0 0.0 -3.2 0.2!
19 243.502 33.900 243.556 33.876 5.660 10.0 118.0 90 9.7 0.3 0.0 0.0 -2.4 0.2!
20 243.556 33.876 243.611 33.852 5.743 10.0 117.6 90 9.7 0.3 0.0 0.0 -2.4 0.2!
21 243.611 33.852 243.699 33.801 9.918 10.0 124.8 90 9.9 0.3 0.0 0.0 -1.1 0.2!
22 243.699 33.801 243.788 33.750 9.998 10.0 124.4 90 9.9 0.3 0.0 0.0 -1.0 0.2!
23 243.788 33.750 243.876 33.699 9.926 10.0 124.7 90 9.9 0.3 0.0 0.0 -0.8 0.2!
!
e. SAF Indio!
1 243.876 33.699 243.903 33.671 3.989 10.0 141.1 90 24.1 0.2 0.0 0.0 -4.4 0.2!
2 243.903 33.671 243.945 33.638 5.346 10.0 133.2 90 23.3 0.2 0.0 0.0 -7.9 0.2!
3 243.945 33.638 243.976 33.612 4.073 10.0 135.1 90 23.5 0.2 0.0 0.0 -7.4 0.2!
4 243.976 33.612 244.019 33.567 6.391 10.0 141.3 90 24.2 0.2 0.0 0.0 -5.1 0.2!
5 244.019 33.567 244.063 33.522 6.451 10.0 140.7 90 24.1 0.2 0.0 0.0 -5.7 0.2!
6 244.063 33.522 244.117 33.472 7.479 10.0 137.8 90 23.8 0.2 0.0 0.0 -7.2 0.2!
7 244.117 33.472 244.171 33.423 7.399 10.0 137.3 90 23.7 0.2 0.0 0.0 -7.9 0.3!
8 244.171 33.423 244.228 33.376 7.436 10.0 134.5 90 23.3 0.2 0.0 0.0 -9.4 0.3!
9 244.228 33.376 244.286 33.329 7.505 10.0 134.0 90 23.2 0.2 0.0 0.0 -10.0 0.3!
10 244.286 33.329 244.308 33.286 5.191 10.0 156.7 90 25.3 0.2 0.0 0.0 -0.6 0.3!
11 244.308 33.286 244.330 33.243 5.191 10.0 156.7 90 25.3 0.2 0.0 0.0 -0.9 0.3!
12 244.330 33.243 244.352 33.197 5.499 5.0 158.1 90 25.4 0.2 0.0 0.0 -0.5 0.4!
13 244.352 33.197 244.374 33.151 5.499 5.0 158.1 90 25.4 0.2 0.0 0.0 -0.8 0.4!
14 244.374 33.151 244.399 33.084 7.788 5.0 162.6 90 25.4 0.2 0.0 0.0 0.8 0.4!
15 244.399 33.084 244.423 33.017 7.761 5.0 163.2 90 25.4 0.2 0.0 0.0 0.7 0.4!
16 244.423 33.017 244.435 32.958 6.639 2.5 170.3 90 25.1 0.2 0.0 0.0 3.4 0.4!
17 244.435 32.958 244.446 32.899 6.624 2.5 171.1 90 25.1 0.2 0.0 0.0 3.4 0.4!
18 244.446 32.899 244.465 32.872 3.482 2.5 149.3 90 24.5 0.2 0.0 0.0 -6.3 0.5!
19 244.465 32.872 244.522 32.807 8.969 2.5 143.5 90 23.7 0.2 0.0 0.0 -9.1 0.5!
!
f. SAF S. Indio!
1 244.522 32.807 244.571 32.753 7.546 5.0 142.5 90 33.7 0.2 0.0 0.0 6.9 0.3!
2 244.571 32.753 244.621 32.700 7.518 5.0 141.4 90 33.8 0.2 0.0 0.0 6.4 0.3!
3 244.621 32.700 244.670 32.646 7.549 5.0 142.5 90 33.7 0.2 0.0 0.0 7.2 0.3!
4 244.670 32.646 244.720 32.592 7.608 5.0 141.9 90 33.8 0.2 0.0 0.0 7.0 0.3!
5 244.720 32.592 244.768 32.516 9.558 5.0 151.8 90 32.1 0.2 0.0 0.0 12.9 0.3!
6 244.768 32.516 244.816 32.440 9.560 5.0 151.8 90 32.1 0.2 0.0 0.0 13.1 0.4!
7 244.816 32.440 244.863 32.364 9.517 5.0 152.3 90 32.0 0.2 0.0 0.0 13.5 0.4!
8 244.863 32.364 244.911 32.288 9.563 5.0 151.8 90 32.1 0.2 0.0 0.0 13.4 0.4!
9 244.911 32.288 244.959 32.212 9.565 5.0 151.8 90 32.1 0.2 0.0 0.0 13.6 0.4!
10 244.959 32.212 245.007 32.136 9.567 5.0 151.7 90 32.1 0.2 0.0 0.0 13.8 0.4!
!
g. SAF Imperial!
1 245.007 32.136 245.064 32.079 8.300 15.0 139.6 90 38.6 0.4 0.0 0.0 6.8 0.5!
2 245.064 32.079 245.106 32.057 4.656 15.0 121.6 90 38.8 0.3 0.0 0.0 -5.4 0.5!
3 245.106 32.057 245.147 32.013 6.229 15.0 141.5 90 38.3 0.4 0.0 0.0 8.3 0.5!
4 245.147 32.013 245.199 31.965 7.244 15.0 137.3 90 38.8 0.4 0.0 0.0 5.5 0.5!
5 245.199 31.965 245.251 31.926 6.548 15.0 131.3 90 39.2 0.4 0.0 0.0 1.6 0.6!
6 245.251 31.926 245.298 31.876 7.107 15.0 141.3 90 38.3 0.4 0.0 0.0 8.5 0.5!
7 245.298 31.876 245.344 31.826 7.049 15.0 141.8 90 38.2 0.4 0.0 0.0 9.0 0.6!
8 245.344 31.826 245.389 31.769 7.623 15.0 146.0 90 37.5 0.4 0.0 0.0 11.8 0.6!
9 245.389 31.769 245.434 31.712 7.624 15.0 146.0 90 37.5 0.4 0.0 0.0 12.0 0.6!
10 245.434 31.712 245.479 31.655 7.626 15.0 146.0 90 37.5 0.4 0.0 0.0 12.1 0.6!
!
h. San Jacinto!
1 242.470 34.311 242.520 34.254 7.821 15.0 143.9 90 12.0 0.8 0.0 0.0 2.6 1.0!
2 242.520 34.254 242.566 34.232 4.890 15.0 119.9 90 12.1 0.7 0.0 0.0 -2.1 1.1!
3 242.566 34.232 242.614 34.195 6.034 15.0 132.8 90 12.3 0.8 0.0 0.0 1.0 1.1!
4 242.614 34.195 242.636 34.161 4.282 15.0 151.7 90 13.3 0.4 0.0 0.0 2.2 0.1!
5 242.636 34.161 242.656 34.120 4.908 15.0 157.9 90 13.0 0.4 0.0 0.0 3.9 0.1!
6 242.656 34.120 242.778 34.008 16.769 15.0 137.8 90 13.6 0.4 0.0 0.0 0.0 0.0!
7 242.778 34.008 242.928 33.894 18.766 15.0 132.3 90 13.6 0.4 0.0 0.0 -0.0 0.0!
8 242.928 33.894 242.988 33.847 7.616 15.0 133.2 90 13.6 0.4 0.0 0.0 1.2 0.0!
9 242.988 33.847 243.073 33.791 10.025 15.0 128.3 90 13.7 0.4 0.0 0.0 0.6 0.0!
10 243.073 33.791 243.104 33.743 6.049 15.0 151.6 90 12.1 0.3 0.0 0.0 6.5 0.2!
11 243.104 33.743 243.159 33.702 6.831 15.0 131.7 90 13.7 0.4 0.0 0.0 2.5 0.1!
12 243.159 33.702 243.451 33.513 34.261 15.0 127.6 90 13.9 0.4 0.0 0.0 3.0 0.1!
13 243.451 33.513 243.457 33.471 4.692 15.0 173.2 90 6.8 0.2 0.0 0.0 13.0 0.4!
14 243.457 33.471 243.530 33.422 8.695 15.0 128.7 90 14.1 0.4 0.0 0.0 5.0 0.1!
15 243.530 33.422 243.717 33.265 24.622 15.0 135.0 90 13.4 0.4 0.0 0.0 7.7 0.2!
16 243.717 33.265 243.795 33.208 9.634 15.0 131.0 90 14.0 0.4 0.0 0.0 8.0 0.2!
17 243.795 33.208 243.836 33.184 4.658 15.0 124.8 90 14.8 0.4 0.0 0.0 7.0 0.2!
18 243.836 33.184 243.871 33.145 5.419 15.0 142.9 90 11.8 0.3 0.0 0.0 11.6 0.3!
19 243.871 33.145 243.942 33.099 8.363 15.0 127.6 90 14.6 0.4 0.0 0.0 8.5 0.2!
20 243.942 33.099 243.989 33.031 8.726 15.0 149.8 90 10.1 0.3 0.0 0.0 14.0 0.4!
21 243.989 33.031 244.057 33.003 7.072 15.0 116.0 90 16.4 0.5 0.0 0.0 6.5 0.2!
22 244.057 33.003 244.191 32.928 15.037 15.0 123.5 90 15.4 0.4 0.0 0.0 9.4 0.3!
23 244.191 32.928 244.302 32.886 11.381 15.0 114.1 90 16.8 0.5 0.0 0.0 7.7 0.2!
24 244.302 32.886 244.336 32.899 3.493 15.0 65.6 90 17.2 0.5 0.0 0.0 -7.2 0.2!
25 244.336 32.899 244.423 32.851 9.728 10.0 123.2 90 15.1 0.4 0.0 0.0 11.1 0.3!
26 244.423 32.851 244.522 32.807 10.476 2.5 117.7 90 16.2 0.5 0.0 0.0 10.4 0.3!
!
i. Elsinore!
1 242.191 34.131 242.223 34.082 6.185 15.0 151.5 90 1.0 1.7 0.0 0.0 4.1 0.9!
2 242.223 34.082 242.255 34.033 6.186 15.0 151.5 90 1.0 1.7 0.0 0.0 3.0 0.8!
3 242.255 34.033 242.274 34.000 4.059 15.0 154.4 67 0.8 1.7 -5.6 2.0 0.0 0.0!
4 242.274 34.000 242.292 33.967 4.021 15.0 155.6 67 0.8 1.7 -3.8 2.2 0.0 0.0!
5 242.292 33.967 242.352 33.909 8.495 15.0 139.2 61 1.1 1.7 -0.2 2.3 0.0 0.0!
6 242.352 33.909 242.403 33.854 7.712 15.0 142.3 53 1.1 1.7 2.1 2.3 0.0 0.0!
7 242.403 33.854 242.452 33.815 6.268 15.0 133.6 90 0.8 1.6 0.0 0.0 -2.6 1.8!
8 242.452 33.815 242.499 33.782 5.687 15.0 130.1 90 4.1 0.5 0.0 0.0 0.0 0.0!
9 242.499 33.782 242.561 33.734 7.832 15.0 132.8 90 4.1 0.5 0.0 0.0 0.2 0.0!
10 242.561 33.734 242.611 33.669 8.571 15.0 147.2 90 4.0 0.5 0.0 0.0 1.2 0.1!
11 242.611 33.669 242.646 33.646 4.129 15.0 128.2 90 4.1 0.5 0.0 0.0 -0.2 0.0!
12 242.646 33.646 242.762 33.571 13.605 15.0 127.7 90 4.1 0.5 0.0 0.0 -0.3 0.0!
13 242.762 33.571 242.804 33.519 6.963 15.0 145.9 90 4.0 0.5 0.0 0.0 1.0 0.1!
14 242.804 33.519 242.844 33.487 5.139 15.0 133.7 90 4.1 0.5 0.0 0.0 0.1 0.0!
15 242.844 33.487 242.934 33.420 11.191 15.0 131.6 90 4.1 0.5 0.0 0.0 -0.0 0.0!
16 242.934 33.420 242.969 33.386 4.982 15.0 139.2 90 4.1 0.5 0.0 0.0 0.5 0.1!
17 242.969 33.386 242.998 33.357 4.199 15.0 140.0 90 4.1 0.5 0.0 0.0 0.5 0.1!
18 242.998 33.357 243.048 33.334 5.308 15.0 118.7 90 4.0 0.5 0.0 0.0 -1.0 0.1!
19 243.048 33.334 243.156 33.281 11.650 15.0 120.3 90 4.0 0.5 0.0 0.0 -0.9 0.1!
20 243.156 33.281 243.209 33.248 6.147 15.0 126.5 90 4.1 0.5 0.0 0.0 -0.5 0.1!
21 243.209 33.248 243.268 33.204 7.353 15.0 131.6 90 4.1 0.5 0.0 0.0 -0.1 0.0!
22 243.268 33.204 243.310 33.169 5.514 15.0 134.7 90 4.1 0.5 0.0 0.0 0.1 0.0!
23 243.310 33.169 243.372 33.124 7.640 15.0 130.8 90 4.1 0.5 0.0 0.0 -0.2 0.0!
24 243.372 33.124 243.447 33.071 9.142 15.0 130.0 90 4.1 0.5 0.0 0.0 -0.3 0.0!
25 243.447 33.071 243.496 33.026 6.772 15.0 137.5 90 4.1 0.5 0.0 0.0 0.2 0.0!
26 243.496 33.026 243.544 32.992 5.860 15.0 130.0 90 4.1 0.5 0.0 0.0 -0.4 0.0!
27 243.544 32.992 243.556 32.988 1.206 15.0 111.6 90 3.8 0.4 0.0 0.0 -1.7 0.2!
28 243.556 32.988 243.687 32.969 12.425 15.0 99.7 90 3.4 0.4 0.0 0.0 -2.4 0.3!
29 243.687 32.969 243.755 32.891 10.737 15.0 143.7 90 4.1 0.5 0.0 0.0 0.6 0.1!
30 243.755 32.891 243.822 32.839 8.519 15.0 132.6 90 4.1 0.5 0.0 0.0 -0.3 0.0!
31 243.822 32.839 243.901 32.816 7.825 15.0 109.0 90 3.7 0.4 0.0 0.0 -1.9 0.2!
32 243.901 32.816 243.959 32.787 6.313 15.0 120.6 90 4.0 0.5 0.0 0.0 -1.2 0.1!
33 243.959 32.787 244.106 32.653 20.267 15.0 137.1 90 4.2 0.5 0.0 0.0 -0.0 0.0!
34 244.106 32.653 244.251 32.566 16.683 15.0 125.3 90 4.1 0.5 0.0 0.0 -0.9 0.1!
35 244.251 32.566 244.435 32.391 25.995 15.0 138.2 90 4.2 0.5 0.0 0.0 -0.0 0.0!
36 244.435 32.391 244.546 32.315 13.424 15.0 128.9 90 4.1 0.5 0.0 0.0 -0.8 0.1!
37 244.546 32.315 245.007 32.136 47.773 15.0 114.4 90 3.8 0.4 0.0 0.0 -1.8 0.2!
!
Whittier!
1 241.862 34.118 241.883 34.086 4.044 15.0 151.4 90 11.0 1.8 0.0 0.0 0.0 0.0!
2 241.883 34.086 241.931 34.028 7.812 15.0 145.4 90 11.0 1.8 0.0 0.0 0.5 0.3!
3 241.931 34.028 241.952 33.997 3.948 15.0 150.6 90 10.8 1.8 0.0 0.0 3.1 0.8!
4 241.952 33.997 242.008 33.973 5.819 15.0 117.2 111 11.1 1.8 5.9 2.7 0.0 0.0!
5 242.008 33.973 242.148 33.931 13.754 15.0 109.8 90 10.8 1.8 0.0 0.0 -0.8 1.4!
6 242.148 33.931 242.208 33.909 6.061 15.0 113.7 90 4.2 1.6 0.0 0.0 -2.7 1.1!
7 242.208 33.909 242.283 33.875 7.896 15.0 118.5 90 4.4 1.6 0.0 0.0 -1.1 1.2!
8 242.283 33.875 242.364 33.853 7.882 15.0 108.0 90 4.2 1.5 0.0 0.0 -0.6 1.5!
9 242.364 33.853 242.410 33.831 4.907 15.0 119.8 90 4.1 1.6 0.0 0.0 1.4 1.7!
10 242.410 33.831 242.452 33.815 4.274 15.0 114.5 90 4.3 1.6 0.0 0.0 1.8 1.9!
!
Puente Hills!
1 241.611 34.074 241.664 34.034 6.605 15.0 132.2 90 -6.8 1.6 0.0 0.0 -2.2 1.5!
2 241.664 34.034 241.736 33.992 8.120 15.0 125.0 144 -7.1 1.6 2.6 1.7 0.0 0.0!
3 241.736 33.992 241.798 33.960 6.740 15.0 121.8 145 -7.2 1.6 3.1 1.6 0.0 0.0!
4 241.798 33.960 241.956 33.895 16.291 15.0 116.2 90 -7.4 1.6 0.0 0.0 -3.0 1.3!
5 241.956 33.895 242.033 33.876 7.428 15.0 106.5 147 -8.0 1.7 3.5 1.8 0.0 0.0!
6 242.033 33.876 242.084 33.892 5.041 15.0 69.4 148 -8.4 2.0 -2.3 1.5 0.0 0.0!
7 242.084 33.892 242.148 33.931 7.331 15.0 53.8 90 -7.6 2.0 0.0 0.0 3.5 1.3!
!
Raymond Hills!
1 241.611 34.074 241.716 34.111 10.523 15.0 67.0 134 2.6 1.4 7.5 2.1 0.0 0.0!
2 241.716 34.111 241.733 34.115 1.630 15.0 74.2 90 3.2 1.4 0.0 0.0 -4.3 1.3!
3 241.733 34.115 241.778 34.123 4.245 15.0 77.9 90 3.5 1.5 0.0 0.0 -3.9 1.3!
4 241.778 34.123 241.806 34.132 2.769 15.0 68.9 90 2.9 1.4 0.0 0.0 -4.1 1.3!
5 241.806 34.132 241.838 34.128 2.985 15.0 98.5 90 4.5 1.5 0.0 0.0 -1.9 1.2!
6 241.838 34.128 241.861 34.119 2.345 15.0 115.2 90 4.8 1.5 0.0 0.0 -0.4 1.2!
7 241.861 34.119 241.877 34.120 1.480 15.0 85.7 90 0.1 1.4 0.0 0.0 7.6 2.0!
8 241.877 34.120 241.947 34.140 6.828 15.0 71.0 90 2.0 1.4 0.0 0.0 6.5 1.9!
9 241.947 34.140 242.025 34.164 7.670 15.0 69.7 90 2.1 1.4 0.0 0.0 5.0 1.8!
!
Santa Monica!
1 240.485 33.989 240.653 33.980 15.556 15.0 93.6 90 -1.7 1.0 0.0 0.0 7.9 2.3!
2 240.653 33.980 240.740 33.985 8.058 15.0 86.0 90 -0.7 1.0 0.0 0.0 7.4 2.1!
3 240.740 33.985 240.772 33.941 5.707 15.0 148.8 90 -6.7 1.8 0.0 0.0 2.5 1.3!
4 240.772 33.941 240.855 33.977 8.649 15.0 62.5 130 1.9 1.2 -10.2 2.7 0.0 0.0!
5 240.855 33.977 240.980 33.972 11.565 15.0 92.7 135 -1.5 1.0 -8.7 2.4 0.0 0.0!
6 240.980 33.972 241.065 33.949 8.260 15.0 108.0 132 -3.0 1.1 -7.4 2.2 0.0 0.0!
7 241.065 33.949 241.181 33.960 10.792 15.0 83.5 134 -0.8 1.0 -7.5 2.1 0.0 0.0!
8 241.181 33.960 241.257 33.975 7.218 15.0 76.7 134 -0.2 1.0 -6.9 1.9 0.0 0.0!
9 241.257 33.975 241.305 33.985 4.572 15.0 75.9 134 -0.1 1.0 -6.5 1.9 0.0 0.0!
10 241.305 33.985 241.448 34.021 13.801 15.0 73.1 139 0.1 1.0 -5.3 1.7 0.0 0.0!
11 241.448 34.021 241.459 34.032 1.588 15.0 39.8 90 1.6 0.9 0.0 0.0 1.4 1.1!
12 241.459 34.032 241.525 34.036 6.111 15.0 85.8 116 0.2 1.0 -4.4 2.2 0.0 0.0!
13 241.525 34.036 241.566 34.052 4.181 15.0 64.9 90 0.8 0.9 0.0 0.0 1.5 1.0!
14 241.566 34.052 241.611 34.074 4.818 15.0 59.6 136 0.9 0.9 -1.7 1.4 0.0 0.0!
!
Malibu!
1 239.489 34.022 239.569 33.991 8.151 15.0 114.9 90 1.7 0.7 0.0 0.0 -1.0 0.9!
2 239.569 33.991 239.642 33.989 6.749 15.0 91.9 90 1.1 0.5 0.0 0.0 -1.8 1.0!
3 239.642 33.989 239.700 33.986 5.369 15.0 93.5 90 1.2 0.5 0.0 0.0 -2.0 1.0!
4 239.700 33.986 239.770 33.985 6.469 15.0 91.0 90 1.1 0.5 0.0 0.0 -2.2 1.0!
5 239.770 33.985 239.820 33.974 4.779 15.0 104.8 90 1.6 0.6 0.0 0.0 -2.1 0.9!
6 239.820 33.974 239.889 33.973 6.377 15.0 91.0 90 1.0 0.5 0.0 0.0 -2.6 0.9!
7 239.889 33.973 240.034 33.987 13.489 15.0 83.3 90 0.6 0.5 0.0 0.0 -3.1 0.9!
8 240.034 33.987 240.094 34.013 6.248 15.0 62.5 90 -0.6 0.5 0.0 0.0 -3.5 0.8!
9 240.094 34.013 240.126 34.033 3.695 15.0 53.1 90 -1.2 0.5 0.0 0.0 -3.5 0.7!
10 240.126 34.033 240.222 34.017 9.042 15.0 101.3 90 1.9 0.5 0.0 0.0 -3.4 0.7!
11 240.222 34.017 240.275 34.007 5.020 15.0 102.8 90 2.0 0.5 0.0 0.0 -3.6 0.6!
12 240.275 34.007 240.388 33.987 10.673 15.0 102.0 90 1.9 0.5 0.0 0.0 -3.9 0.6!
13 240.388 33.987 240.485 33.989 8.965 15.0 88.6 90 0.9 0.5 0.0 0.0 -4.6 0.6!
!
Oak Ridge!
1 239.467 34.095 239.880 34.251 41.825 15.0 65.4 90 -4.8 0.6 0.0 0.0 -7.1 1.1!
2 239.880 34.251 239.939 34.277 6.152 15.0 62.0 161 -5.2 0.6 6.3 1.0 0.0 0.0!
3 239.939 34.277 240.021 34.306 8.206 15.0 66.9 159 -4.7 0.6 6.5 0.9 0.0 0.0!
4 240.021 34.306 240.035 34.318 1.853 15.0 44.1 90 -6.6 0.7 0.0 0.0 -3.6 0.8!
5 240.035 34.318 240.134 34.314 9.123 15.0 92.8 90 -1.7 0.6 0.0 0.0 -7.1 0.8!
6 240.134 34.314 240.207 34.296 7.010 15.0 106.5 90 0.0 0.6 0.0 0.0 -7.0 0.8!
7 240.207 34.296 240.259 34.264 5.960 15.0 126.5 90 2.4 0.7 0.0 0.0 -6.4 0.7!
8 240.259 34.264 240.322 34.254 5.908 15.0 100.8 33 -0.6 0.6 7.8 0.8 0.0 0.0!
9 240.322 34.254 240.394 34.263 6.706 15.0 81.4 33 -2.7 0.6 6.9 0.8 0.0 0.0!
10 240.394 34.263 240.485 34.252 8.470 15.0 98.3 33 -0.9 0.6 7.2 0.8 0.0 0.0!
11 240.485 34.252 240.568 34.236 7.849 15.0 103.0 90 -0.5 0.6 0.0 0.0 -5.8 0.6!
12 240.568 34.236 240.649 34.233 7.470 15.0 92.5 32 -1.5 0.6 6.3 0.7 0.0 0.0!
13 240.649 34.233 240.727 34.253 7.520 15.0 72.8 34 -3.2 0.6 5.2 0.7 0.0 0.0!
14 240.727 34.253 240.801 34.264 6.924 15.0 79.8 90 -2.6 0.6 0.0 0.0 -4.3 0.6!
15 240.801 34.264 240.907 34.317 11.393 15.0 58.9 90 -4.0 0.6 0.0 0.0 -2.8 0.6!
16 240.907 34.317 240.957 34.351 5.949 15.0 50.6 90 -4.3 0.6 0.0 0.0 -1.9 0.7!
17 240.957 34.351 241.015 34.347 5.355 15.0 94.7 68 -1.9 0.6 11.1 1.8 0.0 0.0!
18 241.015 34.347 241.095 34.383 8.373 15.0 61.5 90 -3.8 0.6 0.0 0.0 -2.2 0.7!
19 241.095 34.383 241.229 34.372 12.385 15.0 95.6 90 -2.0 0.6 0.0 0.0 -3.6 0.7!
20 241.229 34.372 241.267 34.344 4.676 15.0 131.6 128 0.4 0.7 6.2 1.1 0.0 0.0!
21 241.267 34.344 241.319 34.355 4.937 15.0 75.7 133 -2.9 0.6 3.3 1.2 0.0 0.0!
22 241.319 34.355 241.388 34.310 8.077 15.0 128.2 121 0.0 0.7 6.7 1.4 0.0 0.0!
23 241.388 34.310 241.453 34.302 6.049 15.0 98.4 126 -1.7 0.6 4.7 1.5 0.0 0.0!
24 241.453 34.302 241.511 34.328 6.068 15.0 61.6 124 -2.9 0.7 1.8 1.6 0.0 0.0!
25 241.511 34.328 241.562 34.335 4.757 15.0 80.6 90 -2.5 0.6 0.0 0.0 -1.7 1.0!
!
Santa Ynez!
1 239.357 34.460 239.693 34.514 31.439 15.0 78.9 90 -1.8 0.6 0.0 0.0 3.8 0.8!
2 239.693 34.514 239.737 34.516 4.046 15.0 86.8 90 -2.2 0.5 0.0 0.0 3.1 0.7!
3 239.737 34.516 239.792 34.526 5.170 15.0 77.6 90 -1.7 0.6 0.0 0.0 3.4 0.6!
4 239.792 34.526 239.880 34.546 8.378 15.0 74.6 90 -1.5 0.6 0.0 0.0 3.3 0.6!
5 239.880 34.546 239.969 34.564 8.409 15.0 76.2 90 -1.6 0.6 0.0 0.0 3.1 0.5!
6 239.969 34.564 240.023 34.562 4.961 15.0 92.5 90 -2.4 0.5 0.0 0.0 2.4 0.5!
7 240.023 34.562 240.065 34.549 4.116 15.0 110.5 90 -3.0 0.5 0.0 0.0 1.4 0.6!
8 240.065 34.549 240.133 34.555 6.277 15.0 83.9 90 -2.1 0.5 0.0 0.0 2.5 0.5!
9 240.133 34.555 240.194 34.550 5.626 15.0 95.6 70 -2.5 0.5 -5.6 1.4 0.0 0.0!
10 240.194 34.550 240.268 34.522 7.470 15.0 114.6 90 -3.0 0.5 0.0 0.0 0.9 0.5!
11 240.268 34.522 240.364 34.501 9.118 15.0 104.8 70 -2.8 0.5 -3.5 1.3 0.0 0.0!
12 240.364 34.501 240.447 34.490 7.720 15.0 99.1 69 -2.7 0.5 -3.7 1.2 0.0 0.0!
13 240.447 34.490 240.499 34.491 4.778 15.0 88.7 69 -2.4 0.5 -4.7 1.2 0.0 0.0!
14 240.499 34.491 240.565 34.500 6.143 15.0 80.6 90 -2.2 0.5 0.0 0.0 1.9 0.4!
15 240.565 34.500 240.680 34.508 10.598 15.0 85.2 90 -2.3 0.5 0.0 0.0 1.5 0.4!
16 240.680 34.508 240.770 34.531 8.649 15.0 72.8 90 -1.9 0.5 0.0 0.0 1.8 0.4!
17 240.770 34.531 240.836 34.533 6.063 15.0 87.9 90 -2.3 0.5 0.0 0.0 1.1 0.5!
18 240.836 34.533 241.028 34.582 18.440 15.0 72.8 90 -2.0 0.5 0.0 0.0 1.4 0.5!
19 241.028 34.582 241.109 34.618 8.435 15.0 61.7 137 -1.7 0.6 -2.0 0.8 0.0 0.0!
20 241.109 34.618 241.157 34.623 4.437 15.0 82.8 131 -2.1 0.5 -1.0 1.0 0.0 0.0!
21 241.157 34.623 241.210 34.621 4.865 15.0 92.6 129 -2.1 0.5 -0.3 1.1 0.0 0.0!
22 241.210 34.621 241.235 34.617 2.335 15.0 100.9 90 -2.1 0.6 0.0 0.0 -0.2 0.7!
!
Hosgri!
1 238.998 35.356 239.040 35.273 9.969 15.0 157.5 90 5.7 0.3 0.0 0.0 -2.7 0.3!
2 239.040 35.273 239.084 35.194 9.636 15.0 155.4 90 5.6 0.3 0.0 0.0 -3.1 0.3!
3 239.084 35.194 239.121 35.145 6.396 15.0 148.2 90 5.1 0.3 0.0 0.0 -3.9 0.3!
4 239.121 35.145 239.134 35.110 4.060 15.0 163.0 90 6.0 0.3 0.0 0.0 -2.6 0.3!
5 239.134 35.110 239.166 35.049 7.370 15.0 156.7 90 5.7 0.3 0.0 0.0 -3.3 0.3!
6 239.166 35.049 239.195 34.977 8.415 15.0 161.7 90 5.9 0.3 0.0 0.0 -3.0 0.3!
7 239.195 34.977 239.205 34.936 4.639 15.0 168.6 90 6.3 0.3 0.0 0.0 -2.4 0.3!
8 239.205 34.936 239.234 34.895 5.264 15.0 149.8 90 5.1 0.3 0.0 0.0 -4.3 0.3!
9 239.234 34.895 239.254 34.857 4.595 15.0 156.5 90 5.6 0.3 0.0 0.0 -3.8 0.3!
10 239.254 34.857 239.267 34.797 6.762 15.0 169.9 90 6.4 0.3 0.0 0.0 -2.5 0.3!
11 239.267 34.797 239.308 34.709 10.459 15.0 159.0 90 5.8 0.3 0.0 0.0 -3.8 0.4!
12 239.308 34.709 239.312 34.665 4.895 15.0 175.7 90 6.6 0.3 0.0 0.0 -2.2 0.4!
13 239.312 34.665 239.313 34.606 6.546 15.0 179.2 90 6.8 0.3 0.0 0.0 -1.9 0.4!
14 239.313 34.606 239.335 34.533 8.346 15.0 166.0 90 6.1 0.3 0.0 0.0 -3.5 0.4!
15 239.335 34.533 239.357 34.460 8.346 15.0 166.0 90 6.1 0.3 0.0 0.0 -3.7 0.4!
16 239.357 34.460 239.379 34.387 8.347 15.0 166.0 90 10.3 0.9 0.0 0.0 -2.2 0.4!
17 239.379 34.387 239.401 34.314 8.347 15.0 166.0 90 10.3 0.9 0.0 0.0 -2.2 0.4!
18 239.401 34.314 239.423 34.241 8.347 15.0 165.9 90 10.3 0.9 0.0 0.0 -2.2 0.3!
19 239.423 34.241 239.445 34.168 8.348 15.0 165.9 90 10.3 0.9 0.0 0.0 -2.2 0.3!
20 239.445 34.168 239.467 34.095 8.348 15.0 165.9 90 10.3 0.9 0.0 0.0 -2.2 0.3!
21 239.467 34.095 239.489 34.022 8.348 15.0 165.9 90 1.7 1.1 0.0 0.0 0.9 0.5!
!
Santa Cruz-Santa Catalina!
1 240.485 33.989 240.519 33.956 4.824 15.0 139.3 90 11.4 1.9 0.0 0.0 -6.8 1.7!
2 240.519 33.956 240.637 33.893 12.957 15.0 122.6 90 9.0 1.4 0.0 0.0 -9.7 1.9!
3 240.637 33.893 240.721 33.844 9.484 15.0 124.9 90 9.4 1.5 0.0 0.0 -9.1 1.7!
4 240.721 33.844 240.797 33.791 9.169 15.0 129.9 90 10.1 1.6 0.0 0.0 -8.1 1.4!
5 240.797 33.791 240.866 33.747 8.042 15.0 127.3 90 9.7 1.5 0.0 0.0 -8.3 1.3!
6 240.866 33.747 240.908 33.716 5.194 15.0 131.4 90 10.3 1.6 0.0 0.0 -7.5 1.1!
7 240.908 33.716 240.951 33.686 5.193 15.0 129.8 90 10.1 1.6 0.0 0.0 -7.7 1.1!
8 240.951 33.686 240.990 33.652 5.225 15.0 136.2 90 10.8 1.6 0.0 0.0 -6.4 0.9!
9 240.990 33.652 241.142 33.564 17.154 15.0 124.6 90 9.3 1.5 0.0 0.0 -8.2 1.0!
10 241.142 33.564 241.152 33.528 4.099 15.0 166.9 90 12.3 1.5 0.0 0.0 0.3 0.9!
11 241.152 33.528 241.202 33.500 5.588 15.0 123.8 90 9.3 1.6 0.0 0.0 -8.1 0.9!
12 241.202 33.500 241.265 33.416 11.005 15.0 147.8 90 11.7 1.6 0.0 0.0 -3.5 0.9!
13 241.265 33.416 241.354 33.360 10.351 15.0 126.8 90 9.8 1.6 0.0 0.0 -7.2 1.0!
14 241.354 33.360 241.484 33.301 13.759 15.0 118.4 90 8.6 1.6 0.0 0.0 -8.4 1.1!
15 241.484 33.301 241.659 33.249 17.293 15.0 109.4 90 7.2 1.7 0.0 0.0 -9.3 1.2!
16 241.659 33.249 241.835 33.203 17.181 15.0 107.2 90 6.8 1.7 0.0 0.0 -9.2 1.4!
17 241.835 33.203 241.907 33.191 6.844 15.0 101.2 90 5.8 1.8 0.0 0.0 -9.7 1.5!
18 241.907 33.191 241.977 33.166 7.093 15.0 113.0 90 7.7 1.6 0.0 0.0 -8.1 1.8!
19 241.977 33.166 242.042 33.114 8.369 15.0 133.5 90 10.0 1.3 0.0 0.0 -4.8 2.2!
20 242.042 33.114 242.133 33.020 13.450 15.0 140.8 90 10.5 1.2 0.0 0.0 -3.3 2.4!
21 242.133 33.020 242.144 33.003 2.147 15.0 151.4 90 10.9 1.2 0.0 0.0 -1.1 2.6!
22 242.144 33.003 242.172 32.975 4.061 15.0 139.9 90 10.5 1.2 0.0 0.0 -3.2 2.6!
23 242.172 32.975 242.230 32.935 7.006 15.0 129.3 90 9.7 1.4 0.0 0.0 -5.0 2.7!
24 242.230 32.935 242.301 32.830 13.407 15.0 150.3 90 10.8 1.2 0.0 0.0 -1.0 3.0!
25 242.301 32.830 242.369 32.736 12.217 15.0 148.6 90 10.8 1.2 0.0 0.0 -1.0 3.3!
26 242.369 32.736 242.396 32.685 6.197 15.0 155.9 90 10.8 1.2 0.0 0.0 0.5 3.5!
27 242.396 32.685 242.455 32.604 10.552 15.0 148.3 90 10.8 1.2 0.0 0.0 -0.7 3.7!
28 242.455 32.604 242.533 32.489 14.708 15.0 150.1 90 10.8 1.2 0.0 0.0 -0.1 3.9!
29 242.533 32.489 242.556 32.455 4.346 15.0 150.2 90 10.8 1.2 0.0 0.0 0.1 4.1!
30 242.556 32.455 242.570 32.449 1.475 15.0 116.8 90 9.1 2.4 0.0 0.0 -5.8 3.6!
31 242.570 32.449 242.595 32.415 4.443 15.0 148.0 90 10.8 1.2 0.0 0.0 -0.2 4.3!
32 242.595 32.415 242.647 32.320 11.616 15.0 155.1 90 10.7 1.2 0.0 0.0 1.2 4.4!
33 242.647 32.320 242.670 32.265 6.472 15.0 160.4 90 10.6 1.4 0.0 0.0 2.4 4.6!
34 242.670 32.265 242.756 32.169 13.381 15.0 142.7 90 10.8 1.3 0.0 0.0 -0.7 4.8!
35 242.756 32.169 242.785 32.142 4.056 15.0 137.6 90 10.7 1.5 0.0 0.0 -1.5 5.0!
36 242.785 32.142 242.832 32.070 9.134 15.0 150.9 90 10.8 1.2 0.0 0.0 1.1 5.2!
37 242.832 32.070 242.889 32.023 7.493 15.0 134.1 90 10.7 1.8 0.0 0.0 -1.9 5.2!
38 242.889 32.023 242.916 31.983 5.117 15.0 150.1 90 10.7 1.2 0.0 0.0 1.3 5.5!
39 242.916 31.983 242.965 31.873 13.048 15.0 159.2 90 10.4 1.5 0.0 0.0 3.1 5.6!
40 242.965 31.873 242.998 31.827 5.981 15.0 148.5 90 10.8 1.2 0.0 0.0 1.3 5.9!
41 242.998 31.827 243.034 31.800 4.537 15.0 131.3 90 10.7 2.1 0.0 0.0 -1.8 5.8!
42 243.034 31.800 243.103 31.755 8.223 15.0 127.3 90 10.6 2.5 0.0 0.0 -2.4 5.8!
43 243.103 31.755 243.156 31.711 7.002 15.0 134.2 90 10.8 1.9 0.0 0.0 -1.0 6.1!
44 243.156 31.711 243.199 31.686 4.930 15.0 124.2 90 10.5 2.8 0.0 0.0 -2.8 5.9!
45 243.199 31.686 243.226 31.655 4.286 15.0 143.3 90 10.8 1.2 0.0 0.0 0.9 6.5!
46 243.226 31.655 243.294 31.603 8.652 15.0 131.8 90 10.8 2.1 0.0 0.0 -1.1 6.4!
47 243.294 31.603 243.361 31.581 6.811 15.0 111.0 90 9.7 4.1 0.0 0.0 -4.7 5.6!
!
Palos Verdes!
1 241.443 33.972 241.448 34.021 5.455 15.0 4.9 90 -1.2 1.2 0.0 0.0 -1.0 1.1!
2 241.443 33.972 241.504 33.904 9.418 15.0 143.2 90 -1.6 1.6 0.0 0.0 0.0 0.0!
3 241.504 33.904 241.561 33.865 6.820 15.0 129.3 90 -1.6 1.6 0.0 0.0 0.3 0.5!
4 241.561 33.865 241.600 33.819 6.250 15.0 144.7 90 -1.6 1.6 0.0 0.0 -0.2 0.4!
5 241.600 33.819 241.666 33.791 6.855 15.0 116.9 90 -1.5 1.5 0.0 0.0 0.5 0.9!
6 241.666 33.791 241.746 33.749 8.753 15.0 122.1 90 -1.5 1.5 0.0 0.0 0.3 1.0!
7 241.746 33.749 241.767 33.694 6.403 15.0 162.3 90 -1.4 1.6 0.0 0.0 -0.8 1.1!
8 241.767 33.694 241.854 33.585 14.536 15.0 146.2 90 -1.5 1.7 0.0 0.0 -0.5 1.3!
9 241.854 33.585 241.881 33.547 4.904 15.0 149.2 90 -1.5 1.7 0.0 0.0 -0.6 1.6!
10 241.881 33.547 241.920 33.483 7.970 15.0 152.9 90 -1.5 1.7 0.0 0.0 -0.8 1.8!
11 241.920 33.483 241.940 33.445 4.607 15.0 156.2 90 -1.4 1.7 0.0 0.0 -0.9 2.0!
12 241.940 33.445 242.014 33.356 12.035 15.0 145.1 90 -1.6 1.6 0.0 0.0 -0.7 2.3!
13 242.014 33.356 242.057 33.320 5.654 15.0 134.9 90 -1.7 1.7 0.0 0.0 -0.5 2.5!
14 242.057 33.320 242.083 33.282 4.861 15.0 150.1 90 -1.5 1.7 0.0 0.0 -0.9 2.7!
15 242.083 33.282 242.162 33.208 11.026 15.0 138.1 90 -1.7 1.7 0.0 0.0 -0.7 2.9!
16 242.162 33.208 242.258 33.075 17.257 15.0 148.7 90 -1.5 1.7 0.0 0.0 -1.1 3.3!
17 242.258 33.075 242.313 33.029 7.240 15.0 134.8 90 -1.7 1.7 0.0 0.0 -0.8 3.7!
18 242.313 33.029 242.384 32.954 10.640 15.0 141.4 90 -1.6 1.7 0.0 0.0 -1.1 4.0!
19 242.384 32.954 242.426 32.927 4.939 15.0 127.3 90 -1.8 2.0 0.0 0.0 -0.7 4.1!
20 242.426 32.927 242.480 32.867 8.355 15.0 142.8 90 -1.6 1.6 0.0 0.0 -1.2 4.4!
21 242.480 32.867 242.493 32.810 6.437 15.0 169.1 90 -0.9 2.5 0.0 0.0 -1.9 4.2!
22 242.493 32.810 242.533 32.754 7.253 15.0 148.9 90 -1.5 1.7 0.0 0.0 -1.5 4.8!
23 242.533 32.754 242.567 32.725 4.528 15.0 135.3 90 -1.8 1.8 0.0 0.0 -1.2 4.9!
24 242.567 32.725 242.587 32.680 5.331 15.0 159.4 90 -1.1 2.1 0.0 0.0 -1.8 5.0!
25 242.587 32.680 242.656 32.626 8.819 15.0 132.8 90 -1.9 1.9 0.0 0.0 -1.2 5.2!
26 242.656 32.626 242.685 32.596 4.299 15.0 140.7 90 -1.7 1.7 0.0 0.0 -1.5 5.5!
27 242.685 32.596 242.702 32.554 4.924 15.0 161.1 90 -1.0 2.3 0.0 0.0 -2.0 5.4!
28 242.702 32.554 242.734 32.497 7.000 15.0 154.6 90 -1.3 1.9 0.0 0.0 -1.9 5.8!
29 242.734 32.497 242.950 32.194 39.274 15.0 148.8 90 -1.5 1.7 0.0 0.0 -2.0 6.5!
30 242.950 32.194 243.165 31.890 39.354 15.0 148.9 90 -1.5 1.7 0.0 0.0 -2.3 7.7!
31 243.165 31.890 243.361 31.581 38.973 15.0 151.5 90 -1.4 1.8 0.0 0.0 -2.7 8.8!
!
Oceanside!
1 241.611 34.074 241.616 34.040 3.800 15.0 173.0 90 -2.2 1.1 0.0 0.0 2.1 1.0!
2 241.616 34.040 241.640 33.989 6.076 15.0 158.6 90 -1.6 1.2 0.0 0.0 2.5 0.9!
3 241.640 33.989 241.671 33.948 5.375 15.0 147.8 90 -1.1 1.2 0.0 0.0 2.6 0.8!
4 241.671 33.948 241.749 33.877 10.680 15.0 137.5 90 -0.6 1.2 0.0 0.0 2.6 0.8!
5 241.749 33.877 241.794 33.827 6.935 15.0 143.1 90 -0.9 1.2 0.0 0.0 2.3 0.8!
6 241.794 33.827 241.850 33.789 6.682 15.0 129.1 90 -0.3 1.2 0.0 0.0 2.3 0.8!
7 241.850 33.789 241.937 33.718 11.269 15.0 134.3 90 -0.5 1.2 0.0 0.0 2.0 0.8!
8 241.937 33.718 242.007 33.674 8.120 15.0 126.9 90 -0.2 1.2 0.0 0.0 1.8 0.8!
9 242.007 33.674 242.101 33.581 13.508 15.0 139.8 90 -0.6 1.2 0.0 0.0 1.5 0.9!
10 242.101 33.581 242.117 33.572 1.790 15.0 123.9 90 -0.2 1.2 0.0 0.0 1.4 0.9!
11 242.117 33.572 242.184 33.525 8.117 15.0 129.9 90 -0.4 1.2 0.0 0.0 1.3 0.9!
12 242.184 33.525 242.209 33.503 3.369 15.0 136.4 90 -0.5 1.2 0.0 0.0 1.1 1.0!
13 242.209 33.503 242.218 33.495 1.219 15.0 136.7 90 -0.5 1.2 0.0 0.0 1.0 1.0!
14 242.218 33.495 242.225 33.486 1.191 15.0 146.9 90 -0.7 1.2 0.0 0.0 0.9 1.0!
15 242.225 33.486 242.236 33.473 1.768 15.0 144.7 90 -0.7 1.2 0.0 0.0 0.9 1.0!
16 242.236 33.473 242.246 33.460 1.716 15.0 147.2 90 -0.7 1.2 0.0 0.0 0.8 1.0!
17 242.246 33.460 242.293 33.414 6.718 15.0 139.4 90 -0.6 1.2 0.0 0.0 0.8 1.0!
18 242.293 33.414 242.390 33.310 14.648 15.0 141.9 90 -0.6 1.2 0.0 0.0 0.5 1.1!
19 242.390 33.310 242.443 33.264 7.099 15.0 135.9 90 -0.6 1.2 0.0 0.0 0.3 1.2!
20 242.443 33.264 242.513 33.222 8.016 15.0 125.5 90 -0.5 1.2 0.0 0.0 0.2 1.2!
21 242.513 33.222 242.575 33.130 11.728 15.0 150.4 90 -0.5 1.2 0.0 0.0 -0.2 1.3!
22 242.575 33.130 242.624 33.085 6.770 15.0 137.5 90 -0.6 1.2 0.0 0.0 -0.3 1.4!
23 242.624 33.085 242.682 33.008 10.113 15.0 147.6 90 -0.5 1.2 0.0 0.0 -0.6 1.5!
24 242.682 33.008 242.692 32.965 4.860 15.0 168.9 90 -0.2 1.3 0.0 0.0 -0.9 1.5!
25 242.692 32.965 242.739 32.858 12.655 15.0 159.7 90 -0.4 1.2 0.0 0.0 -1.1 1.6!
26 242.739 32.858 242.777 32.828 4.871 15.0 133.1 90 -0.9 1.2 0.0 0.0 -1.0 1.7!
27 242.777 32.828 242.812 32.764 7.818 15.0 155.2 90 -0.4 1.2 0.0 0.0 -1.4 1.8!
28 242.812 32.764 242.868 32.707 8.216 15.0 140.3 90 -0.8 1.2 0.0 0.0 -1.4 1.8!
29 242.868 32.707 242.918 32.580 14.845 15.0 161.6 90 -0.2 1.3 0.0 0.0 -1.9 1.9!
30 242.918 32.580 243.579 31.953 93.342 15.0 138.0 90 -1.0 1.2 0.0 0.0 -2.9 2.5!
31 243.579 31.953 244.239 31.325 93.640 15.0 137.9 90 -1.1 1.2 0.0 0.0 -5.1 3.4!
!
Palos Verdes-Oceanside connector!
1 243.361 31.581 243.471 31.580 10.442 15.0 90.6 90 4.3 2.7 0.0 0.0 -7.9 1.9!
2 243.471 31.580 243.546 31.571 7.189 15.0 98.0 90 5.2 2.5 0.0 0.0 -7.2 2.2!
3 243.546 31.571 243.611 31.553 6.486 15.0 107.9 90 6.4 2.1 0.0 0.0 -6.1 2.6!
4 243.611 31.553 243.677 31.527 6.899 15.0 114.7 90 7.1 1.9 0.0 0.0 -5.2 2.8!
5 243.677 31.527 244.239 31.325 57.937 15.0 112.6 90 6.8 2.0 0.0 0.0 -5.1 3.1!
!
j. White Wolf!
1 240.594 34.942 240.695 34.932 9.294 15.0 96.8 60 -0.4 0.3 6.0 1.3 0.0 0.0!
2 240.695 34.932 240.805 34.942 10.110 15.0 83.7 62 -1.1 0.4 5.9 1.2 0.0 0.0!
3 240.805 34.942 240.884 34.985 8.649 15.0 56.5 48 -2.2 0.5 2.9 0.6 0.0 0.0!
4 240.884 34.985 240.969 34.986 7.762 15.0 89.2 43 -0.8 0.3 3.8 0.7 0.0 0.0!
5 240.969 34.986 240.993 35.029 5.249 15.0 24.7 75 -2.8 0.6 1.6 1.0 0.0 0.0!
6 240.993 35.029 241.189 35.148 22.220 15.0 53.5 75 -2.3 0.5 6.3 1.1 0.0 0.0!
7 241.189 35.148 241.221 35.179 4.509 15.0 40.3 75 -2.6 0.5 3.8 0.7 0.0 0.0!
8 241.221 35.179 241.265 35.211 5.354 15.0 48.4 75 -2.4 0.5 5.0 0.8 0.0 0.0!
9 241.265 35.211 241.328 35.234 6.278 15.0 66.0 75 -1.9 0.5 7.5 1.1 0.0 0.0!
10 241.328 35.234 241.398 35.269 7.461 15.0 58.6 75 -2.2 0.5 6.3 0.9 0.0 0.0!
11 241.398 35.269 241.462 35.322 8.274 15.0 44.7 75 -2.5 0.5 3.9 0.7 0.0 0.0!
12 241.462 35.322 241.513 35.373 7.315 15.0 39.3 75 -2.6 0.5 2.8 0.8 0.0 0.0!
13 241.513 35.373 241.893 35.674 47.992 15.0 45.8 75 -2.5 0.5 3.2 1.1 0.0 0.0!
14 241.893 35.674 241.995 35.770 14.094 15.0 40.9 75 -2.5 0.5 1.5 1.8 0.0 0.0!
15 241.995 35.770 242.105 35.880 15.741 15.0 39.1 75 -2.5 0.5 0.9 2.1 0.0 0.0!
!!
!
k. Garlock (west)!
1 241.103 34.811 241.169 34.845 7.119 15.0 58.0 90 -1.7 0.5 0.0 0.0 -6.2 0.5!
2 241.169 34.845 241.282 34.911 12.662 15.0 54.6 90 -2.1 0.5 0.0 0.0 -6.1 0.5!
3 241.282 34.911 241.525 34.996 24.116 15.0 66.9 90 -0.7 0.5 0.0 0.0 -6.3 0.5!
4 241.525 34.996 241.652 35.081 14.940 15.0 50.8 90 -2.5 0.5 0.0 0.0 -5.8 0.3!
5 241.652 35.081 241.910 35.209 27.467 15.0 58.8 90 -1.6 0.5 0.0 0.0 -6.0 0.3!
6 241.910 35.209 241.986 35.271 9.755 15.0 45.1 90 -3.0 0.6 0.0 0.0 -5.3 0.3!
!
l. Garlock (central)!
1 241.977 35.284 242.187 35.398 22.900 15.0 56.4 90 -3.8 2.1 0.0 0.0 3.5 2.5!
2 242.187 35.398 242.309 35.441 12.063 15.0 66.7 90 -4.1 2.2 0.0 0.0 0.7 1.6!
3 242.309 35.441 242.448 35.486 13.569 15.0 68.4 90 -4.1 2.2 0.0 0.0 -0.9 2.0!
4 242.448 35.486 242.705 35.543 24.156 10.0 74.7 90 -1.3 1.0 0.0 0.0 -2.8 0.5!
5 242.705 35.543 242.861 35.585 14.890 10.0 71.7 90 -1.4 1.0 0.0 0.0 -2.7 0.4!
6 242.861 35.585 242.992 35.609 12.166 10.0 77.3 90 -1.2 0.9 0.0 0.0 -2.7 0.5!
!
Garlock (east)!
1 242.992 35.609 243.111 35.603 10.803 10.0 93.5 90 -4.0 0.8 0.0 0.0 2.5 0.8!
2 243.111 35.603 243.220 35.609 9.899 10.0 86.1 90 -1.1 0.5 0.0 0.0 0.6 0.5!
3 243.220 35.609 243.301 35.600 7.407 10.0 97.7 90 -1.2 0.5 0.0 0.0 0.4 0.5!
4 243.301 35.600 243.608 35.596 27.824 10.0 90.8 90 -1.1 0.5 0.0 0.0 0.4 0.6!
!
Garlock (east extension)!
1 243.608 35.596 245.884 36.033 211.324 15.0 76.1 90 -2.2 0.2 0.0 0.0 -0.4 0.1!
!
North Frontal!
1 242.470 34.311 242.537 34.312 6.168 15.0 89.0 90 -2.0 0.1 0.0 0.0 6.9 0.4!
2 242.537 34.312 242.612 34.286 7.483 15.0 112.6 90 -4.6 0.2 0.0 0.0 5.0 0.3!
3 242.612 34.286 242.649 34.288 3.414 15.0 86.3 90 -2.0 0.1 0.0 0.0 6.2 0.3!
4 242.649 34.288 242.665 34.306 2.481 15.0 36.4 90 3.4 0.2 0.0 0.0 5.3 0.3!
5 242.665 34.306 242.696 34.316 3.061 15.0 68.7 90 0.1 0.0 0.0 0.0 6.1 0.3!
6 242.696 34.316 242.731 34.318 3.229 15.0 86.1 90 -1.7 0.1 0.0 0.0 5.6 0.3!
7 242.731 34.318 242.799 34.371 8.586 15.0 46.8 56 2.1 0.1 -8.9 0.5 0.0 0.0!
8 242.799 34.371 242.855 34.444 9.596 15.0 32.4 51 3.2 0.2 -5.8 0.3 0.0 0.0!
9 242.855 34.444 242.940 34.422 8.185 15.0 107.3 48 -2.3 0.1 -5.5 0.3 0.0 0.0!
10 242.940 34.422 243.011 34.382 7.893 15.0 124.2 54 -3.2 0.2 -3.8 0.2 0.0 0.0!
11 243.011 34.382 243.062 34.365 5.056 15.0 111.9 50 -2.7 0.1 -3.7 0.2 0.0 0.0!
12 243.062 34.365 243.126 34.367 5.891 15.0 87.8 44 -1.6 0.1 -4.0 0.2 0.0 0.0!
13 243.126 34.367 243.143 34.377 1.917 15.0 54.6 90 0.2 0.0 0.0 0.0 3.0 0.2!
14 243.143 34.377 243.200 34.337 6.869 15.0 130.2 90 -2.8 0.1 0.0 0.0 0.6 0.0!
15 243.200 34.337 243.290 34.346 8.341 15.0 83.1 42 -1.7 0.1 -2.7 0.1 0.0 0.0!
16 243.290 34.346 243.357 34.340 6.201 15.0 96.1 39 -2.0 0.1 -1.3 0.1 0.0 0.0!
17 243.357 34.340 243.411 34.321 5.398 15.0 113.0 41 -2.2 0.1 -0.0 0.0 0.0 0.0!
18 243.411 34.321 243.475 34.310 6.016 15.0 101.7 42 -2.2 0.1 0.0 0.0 0.0 0.0!
19 243.475 34.310 243.565 34.309 8.285 15.0 90.7 90 -2.2 0.1 0.0 0.0 -0.1 0.0!
!
Eureka Peak!
1 243.580 34.131 243.638 34.066 8.979 15.0 143.4 90 15.1 0.2 0.0 0.0 -2.5 0.1!
2 243.638 34.066 243.671 34.008 7.119 15.0 154.6 90 15.4 0.2 0.0 0.0 0.0 0.0!
3 243.671 34.008 243.817 33.794 27.309 15.0 150.3 90 15.3 0.2 0.0 0.0 -2.3 0.0!
4 243.817 33.794 243.876 33.699 11.871 15.0 152.6 90 15.4 0.2 0.0 0.0 -3.0 0.1!
!
Pinto Mountain!
1 243.580 34.131 243.712 34.143 12.248 15.0 83.7 90 -7.2 0.3 0.0 0.0 8.1 0.3!
2 243.712 34.143 243.765 34.145 4.893 15.0 87.4 90 -7.7 0.3 0.0 0.0 7.5 0.3!
3 243.765 34.145 243.849 34.142 7.754 15.0 92.4 90 -8.3 0.3 0.0 0.0 6.7 0.4!
4 243.849 34.142 244.021 34.116 16.126 15.0 100.3 90 -8.7 0.4 0.0 0.0 5.0 0.3!
!
!
o. Johnson Valley-Lockhart!
1 241.986 35.271 242.403 35.110 41.969 10.0 115.1 90 5.3 0.4 0.0 0.0 -2.9 0.6!
2 242.403 35.110 242.488 35.076 8.620 10.0 115.9 90 5.3 0.4 0.0 0.0 -2.9 0.5!
3 242.488 35.076 242.628 35.008 14.835 10.0 120.5 90 5.5 0.4 0.0 0.0 -2.6 0.5!
4 242.628 35.008 242.793 34.929 17.432 10.0 120.1 90 5.5 0.4 0.0 0.0 -2.7 0.4!
5 242.793 34.929 242.919 34.868 13.358 10.0 120.4 90 5.5 0.4 0.0 0.0 -2.8 0.4!
6 242.919 34.868 243.072 34.765 18.070 10.0 129.2 90 5.9 0.4 0.0 0.0 -2.0 0.3!
7 243.072 34.765 243.317 34.635 26.680 10.0 122.6 90 5.6 0.4 0.0 0.0 -2.8 0.2!
8 243.317 34.635 243.423 34.565 12.444 10.0 128.6 90 5.8 0.4 0.0 0.0 -2.3 0.2!
9 243.423 34.565 243.489 34.468 12.350 10.0 150.6 90 6.3 0.5 0.0 0.0 -0.0 0.0!
10 243.489 34.468 243.565 34.309 18.972 10.0 158.4 90 6.2 0.5 0.0 0.0 0.8 0.1!
11 243.565 34.309 243.571 34.275 3.812 15.0 171.7 90 6.0 0.5 0.0 0.0 -0.2 0.3!
12 243.571 34.195 243.571 34.275 8.874 15.0 0.0 90 6.0 0.4 0.0 0.0 0.1 0.3!
13 243.571 34.195 243.579 34.170 2.870 15.0 165.1 90 5.7 0.5 0.0 0.0 -1.9 0.3!
14 243.579 34.170 243.580 34.131 4.327 15.0 178.8 90 6.0 0.4 0.0 0.0 -0.8 0.4!
!
p. Calico-Blackwater!
1 242.448 35.486 242.587 35.451 13.200 5.0 107.1 90 0.4 0.4 0.0 0.0 -0.4 0.4!
2 242.587 35.451 242.687 35.368 12.935 5.0 135.4 90 0.5 0.5 0.0 0.0 -0.2 0.1!
3 242.687 35.368 242.786 35.229 17.858 5.0 149.7 90 0.6 0.5 0.0 0.0 0.0 0.0!
4 242.786 35.229 242.872 35.108 15.543 5.0 149.7 90 0.6 0.5 0.0 0.0 0.0 0.0!
5 242.872 35.108 242.967 35.049 10.859 5.0 127.0 90 0.5 0.5 0.0 0.0 -0.2 0.2!
6 242.967 35.049 243.063 34.990 10.937 5.0 126.7 90 0.5 0.5 0.0 0.0 -0.2 0.2!
7 243.063 34.990 243.115 34.954 6.205 5.0 130.1 90 0.5 0.5 0.0 0.0 -0.2 0.1!
8 243.115 34.954 243.233 34.922 11.350 5.0 108.2 90 0.4 0.4 0.0 0.0 -0.3 0.3!
9 243.233 34.922 243.333 34.836 13.214 5.0 136.2 90 0.5 0.5 0.0 0.0 -0.1 0.1!
10 243.333 34.836 243.381 34.768 8.729 5.0 149.8 90 0.5 0.5 0.0 0.0 0.1 0.1!
11 243.381 34.768 243.472 34.668 13.876 5.0 143.1 90 0.5 0.5 0.0 0.0 0.0 0.0!
12 243.472 34.668 243.551 34.586 11.629 5.0 141.4 90 0.5 0.5 0.0 0.0 -0.0 0.0!
13 243.551 34.586 243.664 34.478 15.848 5.0 139.1 90 0.5 0.5 0.0 0.0 -0.0 0.0!
14 243.664 34.478 243.672 34.435 4.826 5.0 171.2 90 0.5 0.4 0.0 0.0 0.3 0.3!
15 243.672 34.435 243.729 34.389 7.314 5.0 134.2 90 0.5 0.5 0.0 0.0 -0.0 0.0!
16 243.729 34.389 243.751 34.335 6.323 5.0 161.3 90 0.5 0.5 0.0 0.0 0.2 0.2!
17 243.751 34.335 243.777 34.296 4.944 5.0 151.0 90 0.5 0.5 0.0 0.0 0.1 0.1!
18 243.777 34.296 243.803 34.231 7.597 5.0 161.6 90 0.5 0.5 0.0 0.0 0.2 0.2!
19 243.803 34.231 243.849 34.142 10.745 5.0 156.7 90 0.5 0.5 0.0 0.0 0.2 0.2!
!
q. Goldstone-Billion!
1 242.992 35.609 243.032 35.489 13.799 10.0 164.7 90 6.3 0.5 0.0 0.0 1.8 0.2!
2 243.032 35.489 243.075 35.455 5.428 10.0 134.0 90 6.4 0.5 0.0 0.0 -1.6 0.1!
3 243.075 35.455 243.118 35.397 7.527 10.0 148.7 90 6.6 0.6 0.0 0.0 0.2 0.0!
4 243.118 35.397 243.262 35.226 23.053 10.0 145.3 90 6.6 0.6 0.0 0.0 -0.0 0.0!
5 243.262 35.226 243.309 35.179 6.746 10.0 140.6 90 6.6 0.6 0.0 0.0 -0.4 0.0!
6 243.309 35.179 243.517 34.814 44.724 10.0 154.8 90 6.5 0.5 0.0 0.0 1.6 0.1!
7 243.517 34.814 243.553 34.767 6.168 10.0 147.7 90 6.7 0.6 0.0 0.0 1.1 0.1!
8 243.553 34.767 243.602 34.685 10.144 10.0 153.7 90 6.5 0.5 0.0 0.0 1.9 0.2!
9 243.602 34.685 243.616 34.636 5.585 10.0 166.7 90 5.9 0.5 0.0 0.0 3.4 0.3!
10 243.616 34.636 243.626 34.587 5.513 10.0 170.4 90 5.7 0.5 0.0 0.0 3.8 0.3!
11 243.626 34.587 243.742 34.489 15.218 10.0 135.6 90 6.9 0.6 0.0 0.0 -0.0 0.0!
12 243.742 34.489 243.873 34.359 18.788 10.0 140.1 90 6.8 0.6 0.0 0.0 0.7 0.1!
13 243.873 34.359 243.910 34.247 12.882 10.0 164.7 90 5.9 0.5 0.0 0.0 3.7 0.3!
14 243.910 34.247 243.987 34.143 13.545 10.0 148.4 90 6.7 0.6 0.0 0.0 2.1 0.2!
15 243.987 34.143 244.021 34.116 4.337 15.0 133.7 90 7.0 0.6 0.0 0.0 0.4 0.0!
!
r. Ludlow!
1 243.608 35.596 243.643 35.246 38.962 10.0 175.3 90 2.1 0.3 0.0 0.0 1.7 0.3!
2 243.643 35.246 243.699 35.173 9.570 10.0 147.8 90 2.7 0.3 0.0 0.0 0.6 0.2!
3 243.699 35.173 243.818 35.067 15.999 10.0 137.3 90 2.7 0.3 0.0 0.0 0.2 0.1!
4 243.749 34.961 243.818 35.067 13.340 10.0 28.2 90 0.7 0.1 0.0 0.0 2.7 0.3!
5 243.749 34.961 243.797 34.909 7.246 10.0 142.7 90 2.7 0.3 0.0 0.0 0.5 0.1!
6 243.783 34.826 243.797 34.909 9.296 10.0 7.9 90 1.6 0.2 0.0 0.0 2.3 0.3!
7 243.783 34.826 243.811 34.785 5.220 10.0 150.6 90 2.7 0.3 0.0 0.0 0.9 0.2!
8 243.811 34.785 243.839 34.707 9.025 10.0 163.5 90 2.4 0.3 0.0 0.0 1.5 0.2!
9 243.839 34.707 244.123 34.443 39.202 10.0 138.3 90 2.8 0.3 0.0 0.0 0.4 0.2!
10 244.021 34.116 244.123 34.443 37.470 10.0 14.5 90 1.2 0.3 0.0 0.0 2.6 0.4!
!
Sierra Nevada!
1 242.046 35.973 242.105 35.880 11.612 10.0 152.7 90 -0.5 1.7 0.0 0.0 7.9 4.1!
2 242.096 35.761 242.105 35.880 13.229 10.0 3.5 90 -1.9 1.6 0.0 0.0 3.7 3.4!
3 242.096 35.761 242.131 35.686 8.904 10.0 159.2 90 -0.6 1.6 0.0 0.0 2.8 2.5!
4 242.091 35.612 242.131 35.686 8.974 10.0 23.8 90 -2.0 1.6 0.0 0.0 0.6 1.9!
5 241.996 35.570 242.091 35.612 9.790 10.0 61.5 90 -1.6 1.8 0.0 0.0 -1.8 1.8!
6 241.966 35.540 241.996 35.570 4.299 10.0 39.2 90 -2.4 1.9 0.0 0.0 -1.9 1.9!
7 241.949 35.428 241.966 35.540 12.522 10.0 7.1 90 -3.2 2.2 0.0 0.0 -1.4 1.9!
8 241.949 35.428 241.960 35.349 8.822 10.0 173.5 90 -3.6 2.5 0.0 0.0 -2.0 2.2!
9 241.960 35.349 241.971 35.298 5.746 10.0 170.0 90 -3.8 2.6 0.0 0.0 -2.7 2.6!
10 241.971 35.298 241.977 35.284 1.646 10.0 160.6 90 -4.2 2.9 0.0 0.0 -2.5 2.5!
11 241.977 35.284 241.986 35.271 1.659 10.0 150.4 90 -0.1 0.5 0.0 0.0 2.3 0.6!
!
Owens Valley!
1 241.573 37.793 241.620 37.951 18.018 10.0 13.3 90 2.4 1.4 0.0 0.0 1.2 1.8!
2 241.573 37.793 241.596 37.434 39.897 10.0 177.1 90 2.6 1.0 0.0 0.0 0.0 2.0!
3 241.596 37.434 241.671 37.236 22.958 10.0 163.1 90 2.5 0.7 0.0 0.0 -1.1 2.2!
4 241.671 37.236 241.803 36.933 35.616 10.0 160.7 90 2.4 0.7 0.0 0.0 -1.7 2.3!
5 241.803 36.933 241.840 36.852 9.575 10.0 159.8 90 2.4 0.7 0.0 0.0 -2.2 2.5!
6 241.840 36.852 241.881 36.776 9.193 10.0 156.5 90 2.2 0.6 0.0 0.0 -2.5 2.6!
7 241.881 36.776 241.917 36.696 9.442 10.0 160.1 90 2.4 0.7 0.0 0.0 -2.5 2.7!
8 241.917 36.696 241.930 36.637 6.650 10.0 169.9 90 2.8 0.9 0.0 0.0 -2.2 2.7!
9 241.930 36.637 241.957 36.554 9.522 10.0 165.3 90 2.6 0.8 0.0 0.0 -2.5 2.8!
10 241.957 36.554 241.980 36.507 5.608 10.0 158.4 90 2.3 0.6 0.0 0.0 -3.0 2.9!
11 241.967 36.410 241.980 36.507 10.827 10.0 6.2 90 3.4 1.5 0.0 0.0 -1.7 2.6!
12 241.967 36.410 241.977 36.350 6.718 10.0 172.3 90 1.0 0.4 0.0 0.0 4.2 0.4!
13 241.960 36.295 241.977 36.350 6.291 10.0 14.0 90 -0.6 0.4 0.0 0.0 4.2 0.3!
14 241.960 36.295 242.010 36.221 9.360 10.0 151.3 90 2.4 0.4 0.0 0.0 3.4 0.4!
15 241.991 36.126 242.010 36.221 10.679 10.0 9.2 90 -0.2 0.4 0.0 0.0 4.1 0.4!
16 241.991 36.126 242.015 36.082 5.339 10.0 156.1 90 2.0 0.4 0.0 0.0 3.4 0.4!
17 242.015 36.082 242.046 35.973 12.413 10.0 167.0 90 1.3 0.4 0.0 0.0 3.6 0.4!
18 242.046 35.973 242.119 35.897 10.701 10.0 142.0 90 1.6 2.4 0.0 0.0 -5.3 3.9!
19 242.119 35.897 242.171 35.834 8.421 10.0 146.1 90 1.9 2.2 0.0 0.0 -4.0 3.2!
20 242.171 35.834 242.346 35.610 29.469 10.0 147.4 90 2.0 2.2 0.0 0.0 -1.6 1.9!
21 242.346 35.610 242.448 35.486 16.578 10.0 146.1 90 2.0 2.2 0.0 0.0 1.2 1.9!
!
m. Panamint Valley!
1 241.946 37.150 242.060 37.483 38.314 10.0 15.3 90 1.7 1.2 0.0 0.0 2.8 1.4!
2 241.946 37.150 242.048 36.925 26.568 10.0 160.0 90 3.0 0.6 0.0 0.0 1.4 1.5!
3 242.048 36.925 242.106 36.773 17.644 10.0 162.9 90 2.9 0.7 0.0 0.0 1.6 1.2!
4 242.106 36.773 242.139 36.739 4.787 10.0 142.0 90 3.3 0.5 0.0 0.0 0.5 1.2!
5 242.139 36.739 242.180 36.674 8.090 10.0 153.1 90 3.1 0.6 0.0 0.0 1.1 1.1!
6 242.180 36.674 242.294 36.636 11.031 10.0 112.4 90 3.1 0.7 0.0 0.0 -1.2 1.0!
7 242.294 36.636 242.342 36.615 4.885 10.0 118.5 90 3.2 0.7 0.0 0.0 -0.8 1.0!
8 242.342 36.615 242.388 36.574 6.135 10.0 137.9 90 3.3 0.6 0.0 0.0 0.3 1.0!
9 242.388 36.574 242.437 36.540 5.786 10.0 130.7 90 3.3 0.6 0.0 0.0 -0.1 0.9!
10 242.437 36.540 242.525 36.498 9.157 10.0 120.6 90 3.3 0.6 0.0 0.0 -0.6 0.9!
11 242.525 36.498 242.592 36.436 9.132 10.0 138.9 90 3.3 0.6 0.0 0.0 0.5 0.9!
12 242.592 36.436 242.640 36.366 8.881 10.0 151.0 90 3.1 0.6 0.0 0.0 1.2 0.8!
13 242.640 36.366 242.677 36.315 6.562 10.0 149.6 90 3.2 0.6 0.0 0.0 1.1 0.8!
14 242.677 36.315 242.706 36.283 4.404 10.0 143.7 90 3.3 0.6 0.0 0.0 0.8 0.8!
15 242.706 36.283 242.772 36.237 7.825 10.0 130.7 90 3.4 0.5 0.0 0.0 0.0 0.8!
16 242.772 36.237 242.797 36.195 5.174 10.0 154.2 90 3.1 0.6 0.0 0.0 1.4 0.7!
17 242.790 36.126 242.797 36.195 7.682 10.0 4.7 90 1.9 0.7 0.0 0.0 2.8 0.5!
18 242.790 36.126 242.807 36.079 5.435 10.0 163.6 90 2.8 0.7 0.0 0.0 1.9 0.6!
19 242.793 36.041 242.807 36.079 4.401 10.0 16.7 90 1.3 0.8 0.0 0.0 3.1 0.5!
20 242.780 35.997 242.793 36.041 5.021 10.0 13.5 90 1.5 0.8 0.0 0.0 3.1 0.5!
21 242.780 35.997 242.815 35.894 11.857 10.0 164.5 90 2.8 0.6 0.0 0.0 2.0 0.6!
22 242.815 35.894 242.862 35.795 11.777 10.0 158.9 90 3.0 0.6 0.0 0.0 1.8 0.7!
23 242.862 35.795 242.886 35.748 5.648 10.0 157.4 90 3.0 0.6 0.0 0.0 1.7 0.7!
24 242.886 35.748 242.952 35.686 9.110 10.0 139.0 90 3.4 0.5 0.0 0.0 0.7 0.9!
25 242.952 35.686 243.070 35.639 11.889 10.0 116.0 90 3.4 0.5 0.0 0.0 -0.7 0.9!
26 243.070 35.639 243.111 35.603 5.454 10.0 137.1 90 3.4 0.5 0.0 0.0 0.6 1.0!
!
n. Death Valley!
1 241.620 37.951 242.060 37.483 64.832 10.0 143.1 90 6.1 0.6 0.0 0.0 -3.0 1.4!
2 242.060 37.483 242.347 37.296 32.813 10.0 129.1 90 2.1 0.8 0.0 0.0 -3.6 1.3!
3 242.347 37.296 242.452 37.188 15.181 10.0 142.1 90 2.8 0.6 0.0 0.0 -2.8 1.2!
4 242.452 37.188 242.557 37.080 15.189 10.0 142.1 90 2.8 0.6 0.0 0.0 -2.7 1.1!
5 242.557 37.080 242.593 37.054 4.310 10.0 132.0 90 2.3 0.7 0.0 0.0 -3.1 1.0!
6 242.593 37.054 242.687 36.960 13.372 10.0 141.2 90 2.8 0.6 0.0 0.0 -2.6 1.0!
7 242.687 36.960 242.717 36.914 5.762 10.0 152.4 90 3.2 0.5 0.0 0.0 -1.9 0.9!
8 242.717 36.914 242.755 36.878 5.238 10.0 139.7 90 2.7 0.6 0.0 0.0 -2.6 0.8!
9 242.755 36.878 242.820 36.799 10.511 10.0 146.5 90 3.0 0.5 0.0 0.0 -2.2 0.8!
10 242.820 36.799 242.844 36.760 4.829 10.0 153.7 90 3.2 0.5 0.0 0.0 -1.7 0.8!
11 242.844 36.760 242.900 36.709 7.553 10.0 138.5 90 2.7 0.6 0.0 0.0 -2.5 0.7!
12 242.900 36.709 243.012 36.625 13.680 10.0 132.9 90 2.4 0.6 0.0 0.0 -2.6 0.6!
13 243.012 36.625 243.056 36.595 5.155 10.0 130.2 90 2.3 0.6 0.0 0.0 -2.7 0.5!
14 243.056 36.595 243.108 36.563 5.854 10.0 127.3 90 2.2 0.6 0.0 0.0 -2.7 0.5!
15 243.108 36.563 243.121 36.535 3.318 10.0 159.5 90 3.3 0.5 0.0 0.0 -1.1 0.6!
16 243.121 36.535 243.156 36.447 10.256 10.0 162.2 90 3.3 0.5 0.0 0.0 -0.9 0.5!
17 243.156 36.447 243.173 36.398 5.647 10.0 164.3 90 3.4 0.5 0.0 0.0 -0.7 0.5!
18 243.173 36.398 243.214 36.336 7.802 10.0 151.8 90 3.1 0.5 0.0 0.0 -1.4 0.4!
19 243.214 36.336 243.229 36.301 4.111 10.0 160.9 90 3.3 0.5 0.0 0.0 -0.8 0.4!
20 243.229 36.301 243.230 36.263 4.218 10.0 178.8 90 3.4 0.4 0.0 0.0 0.2 0.4!
21 243.230 36.263 243.242 36.153 12.254 10.0 174.9 90 3.4 0.5 0.0 0.0 0.1 0.4!
22 243.242 36.153 243.243 36.054 10.986 10.0 179.5 90 3.4 0.4 0.0 0.0 0.5 0.3!
23 243.243 36.054 243.276 36.003 6.393 10.0 152.3 90 3.2 0.5 0.0 0.0 -1.1 0.2!
24 243.276 36.003 243.292 35.926 8.665 10.0 170.4 90 3.4 0.5 0.0 0.0 0.0 0.1!
25 243.292 35.926 243.336 35.877 6.733 10.0 143.8 90 3.1 0.4 0.0 0.0 -1.4 0.2!
26 243.336 35.877 243.384 35.846 5.534 10.0 128.4 90 2.6 0.4 0.0 0.0 -2.1 0.3!
27 243.384 35.846 243.399 35.791 6.251 10.0 167.5 90 3.3 0.5 0.0 0.0 -0.0 0.0!
28 243.399 35.791 243.445 35.723 8.616 10.0 151.1 90 3.2 0.5 0.0 0.0 -0.9 0.2!
29 243.445 35.723 243.484 35.703 4.169 10.0 122.2 90 2.4 0.3 0.0 0.0 -2.3 0.4!
30 243.484 35.703 243.516 35.675 4.248 10.0 137.0 90 2.9 0.4 0.0 0.0 -1.6 0.3!
31 243.516 35.675 243.551 35.627 6.198 10.0 149.2 90 3.2 0.5 0.0 0.0 -0.9 0.3!
32 243.551 35.627 243.601 35.603 5.255 10.0 120.4 90 2.4 0.3 0.0 0.0 -2.2 0.5!
33 243.601 35.603 243.608 35.596 1.003 10.0 140.8 90 3.0 0.4 0.0 0.0 -1.3 0.4!


