-116.50 32.50 10 1 -88.7413 2.73893E-01 0 55 8.96368E+01 -1 1.2575 2.38089E-01 27.0804 -116.50 32.50
-116.50 32.55 -2330 -2330 650 651
-116.50 32.60 10 1 -87.5646 2.69167E-01 0 24.3043 8.92775E+01 -1 2.4323 6.70584E-01 27.1105 -116.50 32.60
-116.50 32.65 10 1 -86.5745 3.53847E-01 0 28.645 8.91696E+01 -1 3.4209 7.51241E-01 27.119 -116.50 32.65
-116.50 32.70 -2330 -2330 654 654
-116.50 32.75 10 1 -84.207 6.62210E-01 0 46.1124 8.89768E+01 -1 5.784 7.80195E-01 27.1334 -116.50 32.75
-116.50 32.80 10 1 -82.6875 8.45109E-01 0 55 8.88684E+01 -1 7.3014 7.52184E-01 27.1384 -116.50 32.80
-116.50 32.85 10 1 -81.0681 1.00378E+00 0 -116.482 8.87684E+01 -1 8.9194 7.13532E-01 27.1455 -116.50 32.85
-116.50 32.90 10 1 -79.4144 1.13274E+00 0 -110.055 8.86836E+01 -1 10.5723 6.70782E-01 27.1537 -116.50 32.90
-116.50 32.95 10 1 -77.6499 1.37123E+00 0 -103.472 8.84767E+01 -1 12.3342 6.63248E-01 27.1603 -116.50 32.95
-116.50 33.00 10 1 -75.8578 1.62573E+00 0 -98.7401 8.82355E+01 -1 14.1227 6.85747E-01 27.1681 -116.50 33.00
-116.50 33.05 10 1 -74.1397 1.86137E+00 0 -95.144 8.80063E+01 -1 15.8371 7.14133E-01 27.176 -116.50 33.05
-116.50 33.10 10 1 -72.341 2.37498E+00 0 -90.1622 8.75055E+01 -1 17.6274 7.62579E-01 27.1797 -116.50 33.10
-116.50 33.15 10 1 -70.567 3.00165E+00 0 -88.2226 8.68503E+01 -1 19.383 9.53558E-01 27.1826 -116.50 33.15
-116.50 33.20 10 1 -68.8983 2.95633E+00 0 -90.621 8.68181E+01 -1 21.041 1.17557E+00 27.1858 -116.50 33.20
-116.50 33.25 10 1 -67.2266 2.36398E+00 0 -97.4464 8.72648E+01 -1 22.7167 1.37514E+00 27.1868 -116.50 33.25
-116.50 33.30 10 1 -65.3004 1.88047E+00 0 -107.899 8.74462E+01 -1 24.6429 1.72736E+00 27.1852 -116.50 33.30
-116.50 33.35 10 1 -63.3768 9.22187E-02 0 30.7017 8.87035E+01 -1 26.6211 1.29313E+00 27.1832 -116.50 33.35
-116.50 33.40 10 1 -59.5327 1.85344E+00 0 -45.3428 8.80884E+01 -1 30.4824 4.68308E-01 27.1778 -116.50 33.40
-116.50 33.45 10 1 -63.9151 7.75538E+00 0 -45.547 8.18337E+01 -1 26.4313 2.54204E+00 27.235 -116.50 33.45
-116.50 33.50 10 1 -62.0533 7.46338E+00 0 -44.3972 8.21721E+01 -1 28.2544 2.34744E+00 27.2357 -116.50 33.50
-116.50 33.55 10 1 -59.746 7.17133E+00 0 -42.9012 8.25107E+01 -1 30.5243 2.14765E+00 27.2337 -116.50 33.55
-116.50 33.60 10 1 -57.2024 7.33080E+00 0 -42.1065 8.24102E+01 -1 33.0492 1.95516E+00 27.2356 -116.50 33.60
-116.50 33.65 10 1 -56.2648 8.90855E+00 0 -43.9077 8.08837E+01 -1 34.0362 1.91964E+00 27.2478 -116.50 33.65
-116.50 33.70 10 1 -56.3267 1.29799E+01 0 -47.9127 7.68837E+01 -1 34.1009 1.85422E+00 27.2605 -116.50 33.70
-116.50 33.75 10 1 -56.3771 2.27531E+01 0 -51.3157 6.71669E+01 -1 34.3819 1.80918E+00 27.2699 -116.50 33.75
-116.50 33.80 10 1 -56.8256 3.94509E+01 0 -52.8608 5.04817E+01 -1 34.7773 1.94693E+00 27.2756 -116.50 33.80
-116.50 33.85 10 1 -57.6386 4.04409E+01 0 -52.9353 4.94637E+01 -1 34.3441 2.32449E+00 27.2562 -116.50 33.85
-116.50 33.90 10 1 -56.6801 1.95816E+01 0 -48.2935 7.02231E+01 -1 34.2686 2.66497E+00 27.2231 -116.50 33.90
-116.50 33.95 10 1 -55.8032 9.47093E+00 0 -37.7151 8.00463E+01 -1 34.7034 3.03441E+00 27.1851 -116.50 33.95
-116.50 34.00 10 1 -98.269 5.67918E+01 0 -88.5856 3.28326E+01 -1 -1.4572 4.43951E+00 27.3461 -116.50 34.00
-116.45 32.50 10 1 -89.8256 3.45870E-01 0 55 8.95480E+01 -1 0.1727 2.90818E-01 27.074 -116.45 32.50
-116.45 32.55 -2329 -2329 650 651
-116.45 32.60 10 1 -88.8658 2.82820E-01 0 21.1278 8.91729E+01 -1 1.1303 7.77251E-01 27.1068 -116.45 32.60
-116.45 32.65 10 1 -87.9493 3.45801E-01 0 23.3362 8.90476E+01 -1 2.0454 8.87504E-01 27.116 -116.45 32.65
-116.45 32.70 -2329 -2329 654 654
-116.45 32.75 10 1 -85.5663 6.55373E-01 0 41.4804 8.89123E+01 -1 4.4238 8.68092E-01 27.129 -116.45 32.75
-116.45 32.80 10 1 -84.1157 8.42424E-01 0 51.7432 8.88261E+01 -1 5.8723 8.17364E-01 27.1346 -116.45 32.80
-116.45 32.85 10 1 -82.4846 1.00378E+00 0 -120.234 8.87307E+01 -1 7.5018 7.76977E-01 27.1399 -116.45 32.85
-116.45 32.90 10 1 -80.6345 1.22451E+00 0 -112.275 8.85618E+01 -1 9.3493 7.54253E-01 27.1476 -116.45 32.90
-116.45 32.95 10 1 -78.6353 1.53316E+00 0 -104.929 8.82901E+01 -1 11.3444 7.57122E-01 27.1564 -116.45 32.95
-116.45 33.00 10 1 -76.8253 1.80076E+00 0 -100.001 8.80413E+01 -1 13.1504 7.70359E-01 27.1632 -116.45 33.00
-116.45 33.05 10 1 -74.767 2.23246E+00 0 -93.7648 8.76391E+01 -1 15.203 7.67777E-01 27.1704 -116.45 33.05
-116.45 33.10 10 1 -72.6441 2.71448E+00 0 -88.6322 8.71764E+01 -1 17.3191 7.76547E-01 27.178 -116.45 33.10
-116.45 33.15 10 1 -70.9853 2.95733E+00 0 -89.0757 8.68892E+01 -1 18.9649 9.64254E-01 27.181 -116.45 33.15
-116.45 33.20 10 1 -69.4257 2.40482E+00 0 -95.7122 8.73182E+01 -1 20.5245 1.18627E+00 27.1845 -116.45 33.20
-116.45 33.25 10 1 -67.6874 1.59060E+00 0 -107.802 8.79205E+01 -1 22.2754 1.33918E+00 27.1888 -116.45 33.25
-116.45 33.30 10 1 -66.4463 8.37877E-01 0 -115.804 8.87138E+01 -1 23.5394 9.75886E-01 27.1885 -116.45 33.30
-116.45 33.35 10 1 -64.5923 1.40188E+00 0 -40.718 8.84670E+01 -1 25.4229 6.20204E-01 27.1861 -116.45 33.35
-116.45 33.40 10 1 -67.6501 6.66852E+00 0 -48.2198 8.29327E+01 -1 22.6224 2.32982E+00 27.2485 -116.45 33.40
-116.45 33.45 10 1 -65.2842 6.38572E+00 0 -46.2639 8.32488E+01 -1 24.9601 2.18204E+00 27.244 -116.45 33.45
-116.45 33.50 10 1 -63.4969 6.12637E+00 0 -45.3417 8.35553E+01 -1 26.7171 1.99285E+00 27.2453 -116.45 33.50
-116.45 33.55 10 1 -62.1347 5.94416E+00 0 -45.3593 8.37937E+01 -1 28.0505 1.77846E+00 27.25 -116.45 33.55
-116.45 33.60 10 1 -60.2143 6.72445E+00 0 -45.5121 8.30501E+01 -1 29.9919 1.74768E+00 27.2516 -116.45 33.60
-116.45 33.65 10 1 -59.4033 9.51127E+00 0 -48.4306 8.03149E+01 -1 30.9 1.80978E+00 27.2637 -116.45 33.65
-116.45 33.70 10 1 -59.8022 2.21473E+01 0 -54.6716 6.77722E+01 -1 30.9289 1.79556E+00 27.2847 -116.45 33.70
-116.45 33.75 10 1 -62.3016 6.28569E+01 0 -57.9963 2.70774E+01 -1 31.1101 1.74750E+00 27.2953 -116.45 33.75
-116.45 33.80 10 1 -65.8712 7.47443E+01 0 -57.1182 1.50862E+01 -1 32.2842 2.21571E+00 27.2938 -116.45 33.80
-116.45 33.85 10 1 -73.792 7.95509E+01 0 -58.0184 1.00638E+01 -1 31.4874 2.78236E+00 27.3036 -116.45 33.85
-116.45 33.90 10 1 -70.1355 7.35320E+01 0 -58.3511 1.61391E+01 -1 30.7254 3.18806E+00 27.2862 -116.45 33.90
-116.45 33.95 10 1 -84.5366 5.57667E+01 0 -74.8458 3.38513E+01 -1 12.121 4.51066E+00 27.3027 -116.45 33.95
-116.45 34.00 10 1 -92.4458 6.31689E+01 0 -82.1192 2.64561E+01 -1 5.8096 4.15399E+00 27.3086 -116.45 34.00
-116.40 32.50 10 1 -91.0025 4.06651E-01 0 55 8.94853E+01 -1 -1.0047 3.15045E-01 27.0672 -116.40 32.50
-116.40 32.55 -2328 -2328 650 651
-116.40 32.60 10 1 -89.9749 3.23658E-01 0 21.7048 8.91240E+01 -1 0.0205 8.14072E-01 27.0987 -116.40 32.60
-116.40 32.65 10 1 -89.3438 3.22073E-01 0 18.048 8.89226E+01 -1 0.6505 1.02812E+00 27.1134 -116.40 32.65
-116.40 32.70 -2328 -2328 654 654
-116.40 32.75 10 1 -86.9929 6.62579E-01 0 38.2646 8.88523E+01 -1 2.9963 9.37098E-01 27.124 -116.40 32.75
-116.40 32.80 10 1 -85.5792 8.55613E-01 0 48.7131 8.87749E+01 -1 4.4078 8.76821E-01 27.1295 -116.40 32.80
-116.40 32.85 10 1 -83.9594 1.05682E+00 0 55 8.86416E+01 -1 6.0248 8.53462E-01 27.1356 -116.40 32.85
-116.40 32.90 10 1 -81.9944 1.33787E+00 0 -114.081 8.84211E+01 -1 7.986 8.38442E-01 27.1411 -116.40 32.90
-116.40 32.95 10 1 -79.9134 1.65661E+00 0 -106.676 8.81448E+01 -1 10.0624 8.34938E-01 27.1494 -116.40 32.95
-116.40 33.00 10 1 -77.6441 2.10782E+00 0 -98.8336 8.77395E+01 -1 12.3259 8.16340E-01 27.1594 -116.40 33.00
-116.40 33.05 10 1 -75.5276 2.58766E+00 0 -92.5914 8.72933E+01 -1 14.4366 7.93151E-01 27.1658 -116.40 33.05
-116.40 33.10 10 1 -73.4107 2.98436E+00 0 -88.6171 8.69076E+01 -1 16.5471 8.09674E-01 27.1731 -116.40 33.10
-116.40 33.15 10 1 -71.6465 2.55870E+00 0 -93.4328 8.72448E+01 -1 18.3078 1.02123E+00 27.1804 -116.40 33.15
-116.40 33.20 10 1 -70.106 1.97788E+00 0 -102.468 8.76588E+01 -1 19.8507 1.25217E+00 27.1835 -116.40 33.20
-116.40 33.25 10 1 -68.9126 1.28286E+00 0 -104.731 8.84181E+01 -1 21.0667 9.25479E-01 27.1886 -116.40 33.25
-116.40 33.30 10 1 -67.9895 4.73494E-01 0 -96.4257 8.94615E+01 -1 22.0084 2.56394E-01 27.1956 -116.40 33.30
-116.40 33.35 10 1 -70.533 5.90273E+00 0 -46.4062 8.35369E+01 -1 19.7384 2.62320E+00 27.2311 -116.40 33.35
-116.40 33.40 10 1 -68.3704 5.23676E+00 0 -45.3819 8.43143E+01 -1 21.8321 2.20818E+00 27.2419 -116.40 33.40
-116.40 33.45 10 1 -66.1264 4.74654E+00 0 -44.4996 8.48959E+01 -1 24.0292 1.87259E+00 27.2497 -116.40 33.45
-116.40 33.50 10 1 -64.2521 4.40122E+00 0 -43.2105 8.52857E+01 -1 25.8777 1.68599E+00 27.2497 -116.40 33.50
-116.40 33.55 10 1 -63.1702 4.37351E+00 0 -43.1856 8.53474E+01 -1 26.951 1.58392E+00 27.2547 -116.40 33.55
-116.40 33.60 10 1 -62.8067 5.55610E+00 0 -45.6564 8.41871E+01 -1 27.3591 1.70338E+00 27.2651 -116.40 33.60
-116.40 33.65 10 1 -61.884 9.53423E+00 0 -51.1123 8.02980E+01 -1 28.415 1.77997E+00 27.2749 -116.40 33.65
-116.40 33.70 10 1 -65.495 6.66136E+01 0 -60.5872 2.33098E+01 -1 28.6425 1.78718E+00 27.2941 -116.40 33.70
-116.40 33.75 10 1 -80.5012 8.42453E+01 0 -60.1886 5.39895E+00 -1 29.6237 1.98587E+00 27.3067 -116.40 33.75
-116.40 33.80 10 1 -83.2483 8.41582E+01 0 -58.457 5.30665E+00 -1 31.3166 2.43556E+00 27.3053 -116.40 33.80
-116.40 33.85 10 1 -90.215 8.42712E+01 0 -58.757 4.89123E+00 -1 30.9881 2.97520E+00 27.3132 -116.40 33.85
-116.40 33.90 10 1 -59.8641 8.65937E+01 0 -62.2268 3.40348E+00 -1 27.7815 1.40103E-01 27.3105 -116.40 33.90
-116.40 33.95 10 1 -83.4598 6.98011E+01 0 -69.8977 1.96795E+01 -1 18.5353 4.37236E+00 27.288 -116.40 33.95
-116.40 34.00 10 1 -94.0108 7.49206E+01 0 -76.9235 1.44422E+01 -1 11.9811 4.24527E+00 27.2875 -116.40 34.00
-116.35 32.50 10 1 -91.9813 4.44825E-01 0 48.5331 8.94236E+01 -1 -1.9841 3.66476E-01 27.0593 -116.35 32.50
-116.35 32.55 -2327 -2327 650 651
-116.35 32.60 10 1 -91.2313 3.45357E-01 0 20.6692 8.90742E+01 -1 -1.2365 8.58994E-01 27.0918 -116.35 32.60
-116.35 32.65 10 1 -90.5603 3.45487E-01 0 17.4413 8.88821E+01 -1 -0.5667 1.06304E+00 27.1059 -116.35 32.65
-116.35 32.70 -2327 -2327 654 654
-116.35 32.75 10 1 -88.5593 6.88206E-01 0 36.7256 8.88086E+01 -1 1.429 9.72341E-01 27.1207 -116.35 32.75
-116.35 32.80 10 1 -87.1403 8.83795E-01 0 47.2421 8.87365E+01 -1 2.8458 9.02837E-01 27.1243 -116.35 32.80
-116.35 32.85 10 1 -85.4005 1.13607E+00 0 55 8.85405E+01 -1 4.5813 9.16095E-01 27.1297 -116.35 32.85
-116.35 32.90 10 1 -83.5001 1.42562E+00 0 -116.161 8.83067E+01 -1 6.4772 9.13404E-01 27.1366 -116.35 32.90
-116.35 32.95 10 1 -81.3664 1.76266E+00 0 -108.523 8.80191E+01 -1 8.6058 9.03575E-01 27.1426 -116.35 32.95
-116.35 33.00 10 1 -78.9292 2.27902E+00 0 -99.9092 8.75594E+01 -1 11.036 8.72935E-01 27.1514 -116.35 33.00
-116.35 33.05 10 1 -76.3557 2.93591E+00 0 -91.6006 8.69573E+01 -1 13.6033 7.98691E-01 27.163 -116.35 33.05
-116.35 33.10 10 1 -74.4995 2.74388E+00 0 -94.8988 8.70728E+01 -1 15.4517 1.01874E+00 27.1708 -116.35 33.10
-116.35 33.15 10 1 -72.7146 2.29872E+00 0 -100.717 8.73968E+01 -1 17.2364 1.22090E+00 27.1778 -116.35 33.15
-116.35 33.20 10 1 -71.125 1.62110E+00 0 -106.349 8.80158E+01 -1 18.8427 1.14381E+00 27.1832 -116.35 33.20
-116.35 33.25 10 1 -70.0674 7.82307E-01 0 -111.972 8.89489E+01 -1 19.9231 7.01914E-01 27.1883 -116.35 33.25
-116.35 33.30 10 1 -70.424 1.74979E+00 0 -43.832 8.80434E+01 -1 19.6027 8.75312E-01 27.2029 -116.35 33.30
-116.35 33.35 10 1 -71.2415 4.47600E+00 0 -41.6232 8.48546E+01 -1 18.9569 2.53262E+00 27.2233 -116.35 33.35
-116.35 33.40 10 1 -69.1003 3.73015E+00 0 -39.6927 8.57201E+01 -1 21.0364 2.09561E+00 27.2339 -116.35 33.40
-116.35 33.45 10 1 -66.8638 3.10996E+00 0 -37.8491 8.64448E+01 -1 23.2297 1.72101E+00 27.243 -116.35 33.45
-116.35 33.50 10 1 -64.5483 2.59005E+00 0 -35.7425 8.70448E+01 -1 25.516 1.42201E+00 27.2507 -116.35 33.50
-116.35 33.55 10 1 -64.3322 3.16672E+00 0 -36.3248 8.64143E+01 -1 25.7608 1.68039E+00 27.2544 -116.35 33.55
-116.35 33.60 10 1 -63.9997 4.14571E+00 0 -40.2764 8.54732E+01 -1 26.1319 1.81489E+00 27.2646 -116.35 33.60
-116.35 33.65 10 1 -63.6535 8.62130E+00 0 -51.468 8.11831E+01 -1 26.6245 1.83310E+00 27.2802 -116.35 33.65
-116.35 33.70 10 1 -90.4144 8.58851E+01 0 -62.7224 3.64493E+00 -1 27.1561 1.90712E+00 27.2933 -116.35 33.70
-116.35 33.75 10 1 -91.9919 8.56769E+01 0 -61.368 3.72199E+00 -1 28.4891 2.19599E+00 27.2989 -116.35 33.75
-116.35 33.80 10 1 -101.939 8.61855E+01 0 -58.8016 2.78546E+00 -1 31.0716 2.60407E+00 27.306 -116.35 33.80
-116.35 33.85 10 1 -108.836 8.59986E+01 0 -57.5499 2.50506E+00 -1 32.3135 3.11820E+00 27.3144 -116.35 33.85
-116.35 33.90 10 1 -84.0064 7.55966E+01 0 -63.3443 1.35120E+01 -1 25.4763 4.89574E+00 27.3135 -116.35 33.90
-116.35 33.95 10 1 -90.9253 7.86987E+01 0 -68.6102 1.04744E+01 -1 20.6127 4.19606E+00 27.2999 -116.35 33.95
-116.35 34.00 10 1 -98.4653 8.00662E+01 0 -73.5058 9.02205E+00 -1 15.8384 4.12282E+00 27.2898 -116.35 34.00
-116.30 32.50 10 1 -92.7686 4.92227E-01 0 47.8497 8.93633E+01 -1 -2.772 4.04036E-01 27.05 -116.30 32.50
-116.30 32.55 -2326 -2326 650 651
-116.30 32.60 10 1 -92.6251 3.49346E-01 0 18.3647 8.90248E+01 -1 -2.6307 9.10467E-01 27.0866 -116.30 32.60
-116.30 32.65 10 1 -91.9247 3.89241E-01 0 19.246 8.89224E+01 -1 -1.9316 1.00491E+00 27.0989 -116.30 32.65
-116.30 32.70 -2326 -2326 654 654
-116.30 32.75 10 1 -90.1115 6.96409E-01 0 35.5225 8.88047E+01 -1 -0.1233 9.71324E-01 27.1166 -116.30 32.75
-116.30 32.80 10 1 -88.7295 9.41694E-01 0 45.7167 8.86553E+01 -1 1.2548 9.59815E-01 27.1208 -116.30 32.80
-116.30 32.85 10 1 -86.9924 1.18550E+00 0 55 8.84647E+01 -1 2.9874 9.75394E-01 27.1239 -116.30 32.85
-116.30 32.90 10 1 -85.1037 1.47078E+00 0 -118.702 8.82343E+01 -1 4.8712 9.76597E-01 27.1297 -116.30 32.90
-116.30 32.95 10 1 -82.8866 1.84294E+00 0 -111 8.79107E+01 -1 7.0817 9.83830E-01 27.1384 -116.30 32.95
-116.30 33.00 10 1 -80.4617 2.33660E+00 0 -102.752 8.74749E+01 -1 9.4993 9.56693E-01 27.1449 -116.30 33.00
-116.30 33.05 10 1 -78.0811 2.70822E+00 0 -99.4533 8.70922E+01 -1 11.8688 1.05813E+00 27.156 -116.30 33.05
-116.30 33.10 10 1 -75.5974 2.53355E+00 0 -102.047 8.71707E+01 -1 14.3469 1.25855E+00 27.1717 -116.30 33.10
-116.30 33.15 10 1 -74.1174 2.23042E+00 0 -104.722 8.74090E+01 -1 15.8313 1.31776E+00 27.1779 -116.30 33.15
-116.30 33.20 10 1 -73.0194 1.76033E+00 0 -102.255 8.79830E+01 -1 16.9503 9.84520E-01 27.1824 -116.30 33.20
-116.30 33.25 10 1 -71.104 1.61905E-01 0 5.5769 8.92972E+01 -1 18.8979 6.83855E-01 27.1877 -116.30 33.25
-116.30 33.30 10 1 -74.1746 4.26354E+00 0 -45.5445 8.51452E+01 -1 15.9983 2.31761E+00 27.2219 -116.30 33.30
-116.30 33.35 10 1 -71.8779 3.23439E+00 0 -38.0894 8.61101E+01 -1 18.2442 2.15868E+00 27.2227 -116.30 33.35
-116.30 33.40 10 1 -69.9373 2.24681E+00 0 -29.2644 8.70387E+01 -1 20.1384 1.92799E+00 27.2294 -116.30 33.40
-116.30 33.45 10 1 -67.7399 1.54887E+00 0 -22.9802 8.78192E+01 -1 22.3016 1.53481E+00 27.2382 -116.30 33.45
-116.30 33.50 10 1 -66.0912 1.45502E+00 0 -18.6422 8.78490E+01 -1 23.949 1.58396E+00 27.2442 -116.30 33.50
-116.30 33.55 10 1 -65.598 1.41015E+00 0 -12.6676 8.76614E+01 -1 24.4479 1.86520E+00 27.2507 -116.30 33.55
-116.30 33.60 10 1 -65.2919 5.50454E-01 0 9.5582 8.78947E+01 -1 24.7276 2.03206E+00 27.2607 -116.30 33.60
-116.30 33.65 10 1 -38.5047 8.53336E+01 0 -64.9312 4.18060E+00 -1 25.2202 2.06941E+00 27.2751 -116.30 33.65
-116.30 33.70 10 1 -111.064 8.70750E+01 0 -64.3699 2.00714E+00 -1 25.5556 2.12679E+00 27.2832 -116.30 33.70
-116.30 33.75 10 1 -95.7089 8.56374E+01 0 -63.5084 3.69357E+00 -1 26.3419 2.31831E+00 27.2924 -116.30 33.75
-116.30 33.80 10 1 -102.891 8.59147E+01 0 -61.215 3.05363E+00 -1 28.6403 2.71123E+00 27.2994 -116.30 33.80
-116.30 33.85 10 1 -94.7821 7.93263E+01 0 -61.5249 8.95652E+00 -1 27.5645 5.75834E+00 27.3511 -116.30 33.85
-116.30 33.90 10 1 -91.6059 7.88268E+01 0 -64.027 9.93049E+00 -1 25.083 5.06972E+00 27.3354 -116.30 33.90
-116.30 33.95 10 1 -96.8103 8.05676E+01 0 -68.92 8.35323E+00 -1 20.44 4.34997E+00 27.3199 -116.30 33.95
-116.30 34.00 10 1 -96.605 8.14598E+01 0 -68.7491 7.56278E+00 -1 20.7264 3.94417E+00 27.2908 -116.30 34.00
-116.25 32.50 10 1 -93.5964 5.54218E-01 0 55 8.93141E+01 -1 -3.6003 4.03974E-01 27.0397 -116.25 32.50
-116.25 32.55 -2325 -2325 650 651
-116.25 32.60 10 1 -93.5859 4.12969E-01 0 21.8761 8.90394E+01 -1 -3.5922 8.67184E-01 27.0779 -116.25 32.60
-116.25 32.65 10 1 -93.479 3.81264E-01 0 17.8587 8.89525E+01 -1 -3.4855 9.75866E-01 27.0955 -116.25 32.65
-116.25 32.70 -2325 -2325 654 654
-116.25 32.75 10 1 -91.6469 6.39486E-01 0 31.0141 8.88152E+01 -1 -1.658 9.97415E-01 27.1122 -116.25 32.75
-116.25 32.80 10 1 -90.2916 9.07011E-01 0 41.5484 8.86404E+01 -1 -0.3076 1.01274E+00 27.1164 -116.25 32.80
-116.25 32.85 10 1 -88.7687 1.21031E+00 0 50.5007 8.84031E+01 -1 1.2093 1.04173E+00 27.1206 -116.25 32.85
-116.25 32.90 10 1 -86.9262 1.44939E+00 0 55 8.81587E+01 -1 3.045 1.13543E+00 27.124 -116.25 32.90
-116.25 32.95 10 1 -84.7503 1.79383E+00 0 -117.993 8.78555E+01 -1 5.2129 1.17483E+00 27.1307 -116.25 32.95
-116.25 33.00 10 1 -82.2757 2.29570E+00 0 -108.466 8.74419E+01 -1 7.6791 1.12780E+00 27.1419 -116.25 33.00
-116.25 33.05 10 1 -80.1713 2.61377E+00 0 -108.088 8.70426E+01 -1 9.7655 1.38268E+00 27.1524 -116.25 33.05
-116.25 33.10 10 1 -77.6747 2.53236E+00 0 -109.323 8.70260E+01 -1 12.2563 1.55847E+00 27.1665 -116.25 33.10
-116.25 33.15 10 1 -76.6334 2.97322E+00 0 -98.2617 8.68020E+01 -1 13.3054 1.17660E+00 27.1811 -116.25 33.15
-116.25 33.20 10 1 -75.6685 2.83672E+00 0 -92.3884 8.70383E+01 -1 14.2893 8.50682E-01 27.1858 -116.25 33.20
-116.25 33.25 10 1 -76.2533 3.81500E+00 0 -45.1183 8.55453E+01 -1 13.8999 2.29650E+00 27.2158 -116.25 33.25
-116.25 33.30 10 1 -74.5556 3.04124E+00 0 -41.8497 8.63871E+01 -1 15.5479 1.94847E+00 27.2198 -116.25 33.30
-116.25 33.35 10 1 -72.2326 2.01130E+00 0 -30.5264 8.73068E+01 -1 17.8303 1.79034E+00 27.2195 -116.25 33.35
-116.25 33.40 10 1 -70.2382 1.02320E+00 0 -13.4084 8.81304E+01 -1 19.7897 1.56467E+00 27.2251 -116.25 33.40
-116.25 33.45 10 1 -68.4762 4.87821E-01 0 3.6547 8.84106E+01 -1 21.5367 1.51268E+00 27.2333 -116.25 33.45
-116.25 33.50 10 1 -66.6961 1.71980E-01 0 17.2831 8.83608E+01 -1 23.3088 1.63014E+00 27.2394 -116.25 33.50
-116.25 33.55 10 1 -65.9607 1.11782E+00 0 55 8.78087E+01 -1 24.0025 1.88454E+00 27.2463 -116.25 33.55
-116.25 33.60 10 1 -61.361 6.62345E+01 0 -67.5293 2.36430E+01 -1 23.4665 2.27334E+00 27.2548 -116.25 33.60
-116.25 33.65 10 1 -24.5765 8.61459E+01 0 -66.1132 2.88682E+00 -1 24.0156 2.55132E+00 27.2506 -116.25 33.65
-116.25 33.70 10 1 15.8047 8.73338E+01 0 -65.5149 4.02676E-01 -1 24.5036 2.63560E+00 27.2583 -116.25 33.70
-116.25 33.75 10 1 -111.904 8.64183E+01 0 -65.6439 2.47806E+00 -1 24.2441 2.58450E+00 27.278 -116.25 33.75
-116.25 33.80 10 1 -74.0256 8.20230E+01 0 -60.2476 7.75031E+00 -1 29.4969 1.87671E+00 27.3022 -116.25 33.80
-116.25 33.85 10 1 -85.9249 7.88026E+01 0 -58.9831 1.00081E+01 -1 30.1374 4.97063E+00 27.3227 -116.25 33.85
-116.25 33.90 10 1 -89.0537 7.89704E+01 0 -62.2618 9.87025E+00 -1 26.8882 4.87373E+00 27.3356 -116.25 33.90
-116.25 33.95 10 1 -85.7432 7.87562E+01 0 -63.252 1.04080E+01 -1 25.9739 4.20712E+00 27.3115 -116.25 33.95
-116.25 34.00 10 1 -82.4125 7.86749E+01 0 -62.8678 1.06880E+01 -1 26.4327 3.70136E+00 27.2818 -116.25 34.00
-116.20 32.50 10 1 -94.4727 6.30470E-01 0 55 8.92691E+01 -1 -4.4768 3.69782E-01 27.0286 -116.20 32.50
-116.20 32.55 -2324 -2324 650 651
-116.20 32.60 10 1 -94.497 5.16590E-01 0 28.274 8.90457E+01 -1 -4.5042 8.02379E-01 27.069 -116.20 32.60
-116.20 32.65 10 1 -94.4394 4.84256E-01 0 22.7746 8.89413E+01 -1 -4.4473 9.41565E-01 27.0881 -116.20 32.65
-116.20 32.70 -2324 -2324 654 654
-116.20 32.75 10 1 -93.248 5.61164E-01 0 25.4692 8.88322E+01 -1 -3.2581 1.02408E+00 27.1098 -116.20 32.75
-116.20 32.80 10 1 -91.8999 8.05938E-01 0 35.9522 8.86867E+01 -1 -1.9145 1.03680E+00 27.1124 -116.20 32.80
-116.20 32.85 10 1 -90.4938 1.09621E+00 0 44.185 8.84412E+01 -1 -0.5151 1.10817E+00 27.1159 -116.20 32.85
-116.20 32.90 10 1 -89.1198 1.32223E+00 0 44.0707 8.80685E+01 -1 0.8477 1.40772E+00 27.1216 -116.20 32.90
-116.20 32.95 10 1 -87.0246 1.62694E+00 0 50.6529 8.78000E+01 -1 2.9334 1.48045E+00 27.125 -116.20 32.95
-116.20 33.00 10 1 -85.1361 2.28457E+00 0 -119.092 8.72464E+01 -1 4.8026 1.53641E+00 27.1341 -116.20 33.00
-116.20 33.05 10 1 -82.6014 2.76557E+00 0 -114.709 8.67361E+01 -1 7.3149 1.73212E+00 27.1526 -116.20 33.05
-116.20 33.10 10 1 -81.419 3.81715E+00 0 -106.02 8.58031E+01 -1 8.4647 1.74202E+00 27.1631 -116.20 33.10
-116.20 33.15 10 1 -80.4807 5.06121E+00 0 -95.8051 8.47532E+01 -1 9.3971 1.37943E+00 27.1774 -116.20 33.15
-116.20 33.20 10 1 -77.2745 3.13134E+00 0 -37.2644 8.59146E+01 -1 12.869 2.62137E+00 27.1988 -116.20 33.20
-116.20 33.25 10 1 -75.8453 2.53488E+00 0 -35.5209 8.66766E+01 -1 14.2499 2.14778E+00 27.2044 -116.20 33.25
-116.20 33.30 10 1 -74.194 1.77511E+00 0 -29.4204 8.75003E+01 -1 15.8606 1.75946E+00 27.2089 -116.20 33.30
-116.20 33.35 10 1 -72.2836 7.96826E-01 0 -10.8741 8.83353E+01 -1 17.7368 1.46155E+00 27.2128 -116.20 33.35
-116.20 33.40 10 1 -70.4467 9.85093E-02 0 23.56 8.85904E+01 -1 19.5509 1.40612E+00 27.2163 -116.20 33.40
-116.20 33.45 10 1 -68.8253 6.51236E-01 0 42.9868 8.82478E+01 -1 21.1562 1.62664E+00 27.2215 -116.20 33.45
-116.20 33.50 10 1 -66.5903 1.33743E+00 0 -117.033 8.79005E+01 -1 23.3719 1.61814E+00 27.2332 -116.20 33.50
-116.20 33.55 10 1 -65.295 4.06681E+00 0 -88.941 8.55619E+01 -1 24.5788 1.77410E+00 27.2427 -116.20 33.55
-116.20 33.60 10 1 -56.0734 7.62394E+01 0 -65.9787 1.35631E+01 -1 24.5716 2.27962E+00 27.2381 -116.20 33.60
-116.20 33.65 10 1 -23.185 8.55558E+01 0 -66.2342 3.25074E+00 -1 23.9379 3.02723E+00 27.2225 -116.20 33.65
-116.20 33.70 10 1 -4.4427 8.61462E+01 0 -66.2424 1.82329E+00 -1 23.8658 3.39409E+00 27.2242 -116.20 33.70
-116.20 33.75 10 1 21.6099 8.66481E+01 0 -66.2932 1.22782E-01 -1 23.7139 3.34968E+00 27.245 -116.20 33.75
-116.20 33.80 10 1 -80.0044 7.81222E+01 0 -55.6534 1.08473E+01 -1 33.4283 4.78116E+00 27.2704 -116.20 33.80
-116.20 33.85 10 1 -77.1489 7.76515E+01 0 -55.8516 1.15286E+01 -1 33.2563 4.36486E+00 27.2957 -116.20 33.85
-116.20 33.90 10 1 -79.1922 7.78553E+01 0 -57.9425 1.13411E+01 -1 31.1959 4.28744E+00 27.3037 -116.20 33.90
-116.20 33.95 10 1 -71.8762 7.40004E+01 0 -57.3679 1.55143E+01 -1 31.5715 3.81501E+00 27.2988 -116.20 33.95
-116.20 34.00 10 1 -67.3064 7.01684E+01 0 -57.2092 1.95479E+01 -1 31.6487 3.21310E+00 27.2708 -116.20 34.00
-116.15 32.50 10 1 -95.2388 6.94803E-01 0 -120.69 8.92305E+01 -1 -5.2428 3.30645E-01 27.016 -116.15 32.50
-116.15 32.55 -2323 -2323 650 651
-116.15 32.60 10 1 -95.5892 6.30238E-01 0 33.5281 8.90012E+01 -1 -5.5977 7.74922E-01 27.0625 -116.15 32.60
-116.15 32.65 10 1 -95.5878 5.96189E-01 0 26.4674 8.88769E+01 -1 -5.5977 9.51912E-01 27.0834 -116.15 32.65
-116.15 32.70 -2323 -2323 654 654
-116.15 32.75 10 1 -94.706 5.45762E-01 0 22.2041 8.87944E+01 -1 -4.7163 1.07509E+00 27.1066 -116.15 32.75
-116.15 32.80 10 1 -93.6478 6.80105E-01 0 29.9931 8.87724E+01 -1 -3.6599 1.02185E+00 27.1113 -116.15 32.80
-116.15 32.85 10 1 -92.556 9.05447E-01 0 33.1023 8.84471E+01 -1 -2.576 1.26158E+00 27.1122 -116.15 32.85
-116.15 32.90 10 1 -91.3039 1.12239E+00 0 34.0417 8.80603E+01 -1 -1.3349 1.58173E+00 27.1157 -116.15 32.90
-116.15 32.95 10 1 -90.1319 1.60492E+00 0 41.3428 8.75776E+01 -1 -0.1828 1.81408E+00 27.1238 -116.15 32.95
-116.15 33.00 10 1 -88.7137 2.47229E+00 0 55 8.69154E+01 -1 1.2067 1.84344E+00 27.1304 -116.15 33.00
-116.15 33.05 10 1 -86.7829 3.59962E+00 0 -116.409 8.58608E+01 -1 3.0887 2.04082E+00 27.1428 -116.15 33.05
-116.15 33.10 10 1 -85.6818 5.89881E+00 0 -106.574 8.36893E+01 -1 4.0872 2.23454E+00 27.1656 -116.15 33.10
-116.15 33.15 10 1 -81.6236 1.81470E+00 0 51.3586 8.73393E+01 -1 8.3147 1.94519E+00 27.1742 -116.15 33.15
-116.15 33.20 10 1 -77.6093 1.26982E+00 0 -18.5477 8.75312E+01 -1 12.4377 2.11682E+00 27.1837 -116.15 33.20
-116.15 33.25 10 1 -75.7184 1.35868E+00 0 -21.5328 8.76791E+01 -1 14.3262 1.88147E+00 27.1942 -116.15 33.25
-116.15 33.30 10 1 -74.0611 7.51112E-01 0 -11.097 8.83479E+01 -1 15.9582 1.47137E+00 27.2 -116.15 33.30
-116.15 33.35 10 1 -72.2108 1.52796E-01 0 25.4236 8.88501E+01 -1 17.7861 1.13977E+00 27.2043 -116.15 33.35
-116.15 33.40 10 1 -71.0495 1.04517E+00 0 51.7353 8.80703E+01 -1 18.9209 1.62195E+00 27.2026 -116.15 33.40
-116.15 33.45 10 1 -69.6204 2.07021E+00 0 -112.723 8.71657E+01 -1 20.3096 1.93501E+00 27.2065 -116.15 33.45
-116.15 33.50 10 1 -67.3997 3.54343E+00 0 -96.1226 8.59609E+01 -1 22.4804 1.93612E+00 27.2171 -116.15 33.50
-116.15 33.55 10 1 -64.4724 7.15440E+00 0 -78.8666 8.26163E+01 -1 25.2995 1.81651E+00 27.2298 -116.15 33.55
-116.15 33.60 10 1 -51.9936 7.89336E+01 0 -63.989 1.08306E+01 -1 26.4408 2.24557E+00 27.2256 -116.15 33.60
-116.15 33.65 10 1 -23.9916 8.53091E+01 0 -63.9069 3.60125E+00 -1 26.2822 3.00206E+00 27.2123 -116.15 33.65
-116.15 33.70 10 1 -7.9602 8.52349E+01 0 -64.9842 2.59781E+00 -1 25.1972 3.99197E+00 27.1988 -116.15 33.70
-116.15 33.75 10 1 -101.147 7.86553E+01 0 -61.6466 8.80009E+00 -1 27.248 7.10296E+00 27.1705 -116.15 33.75
-116.15 33.80 10 1 -82.9571 7.79474E+01 0 -57.3425 1.08980E+01 -1 31.6757 5.08557E+00 27.2236 -116.15 33.80
-116.15 33.85 10 1 -72.5002 7.65611E+01 0 -53.9926 1.27673E+01 -1 35.0709 4.12599E+00 27.2644 -116.15 33.85
-116.15 33.90 10 1 -69.0234 7.59928E+01 0 -52.5945 1.34565E+01 -1 36.4907 3.81738E+00 27.2732 -116.15 33.90
-116.15 33.95 10 1 -62.1468 6.88922E+01 0 -52.2508 2.08209E+01 -1 36.4866 3.31638E+00 27.2703 -116.15 33.95
-116.15 34.00 10 1 -57.5972 4.18835E+01 0 -52.3807 4.79983E+01 -1 34.733 2.59607E+00 27.2616 -116.15 34.00
-116.10 32.50 10 1 -95.8109 7.04325E-01 0 -118.304 8.92377E+01 -1 -5.8145 2.91604E-01 27.0002 -116.10 32.50
-116.10 32.55 -2322 -2322 650 651
-116.10 32.60 10 1 -96.7578 7.19146E-01 0 38.1253 8.89810E+01 -1 -6.7669 7.21974E-01 27.0558 -116.10 32.60
-116.10 32.65 10 1 -96.9284 7.12705E-01 0 27.9946 8.87553E+01 -1 -6.9411 1.02056E+00 27.0821 -116.10 32.65
-116.10 32.70 -2322 -2322 654 654
-116.10 32.75 10 1 -96.1782 5.38829E-01 0 17.301 8.86478E+01 -1 -6.1898 1.24019E+00 27.103 -116.10 32.75
-116.10 32.80 10 1 -95.4299 5.91893E-01 0 20.3606 8.86397E+01 -1 -5.4425 1.22463E+00 27.1083 -116.10 32.80
-116.10 32.85 10 1 -94.9386 7.23948E-01 0 22.5712 8.84330E+01 -1 -4.9562 1.38969E+00 27.1108 -116.10 32.85
-116.10 32.90 10 1 -93.8045 9.25794E-01 0 24.4748 8.80465E+01 -1 -3.8323 1.72006E+00 27.1116 -116.10 32.90
-116.10 32.95 10 1 -93.3651 1.69039E+00 0 39.0687 8.74956E+01 -1 -3.4196 1.84731E+00 27.117 -116.10 32.95
-116.10 33.00 10 1 -92.775 2.77793E+00 0 50.8705 8.65522E+01 -1 -2.8741 2.04060E+00 27.1323 -116.10 33.00
-116.10 33.05 10 1 -91.9147 5.43092E+00 0 -118.161 8.39492E+01 -1 -2.1677 2.65985E+00 27.1385 -116.10 33.05
-116.10 33.10 10 1 -90.7356 8.24282E+00 0 -110.032 8.12739E+01 -1 -1.1479 2.84390E+00 27.1574 -116.10 33.10
-116.10 33.15 10 1 -80.1527 2.26840E-01 0 17.2728 8.82453E+01 -1 9.8404 1.73994E+00 27.159 -116.10 33.15
-116.10 33.20 10 1 -77.981 1.27784E-01 0 16.1818 8.82402E+01 -1 12.0151 1.75516E+00 27.1695 -116.10 33.20
-116.10 33.25 10 1 -76.0629 8.33736E-02 0 17.0033 8.84417E+01 -1 13.9349 1.55612E+00 27.179 -116.10 33.25
-116.10 33.30 10 1 -74.1931 1.76756E-01 0 24.6949 8.88560E+01 -1 15.8034 1.13016E+00 27.1907 -116.10 33.30
-116.10 33.35 10 1 -72.3574 6.26729E-01 0 46.0466 8.86827E+01 -1 17.6299 1.15868E+00 27.1892 -116.10 33.35
-116.10 33.40 10 1 -71.0195 1.56981E+00 0 -116.784 8.77503E+01 -1 18.9364 1.61103E+00 27.1863 -116.10 33.40
-116.10 33.45 10 1 -70.3152 3.24083E+00 0 -105.168 8.60529E+01 -1 19.5573 2.25087E+00 27.1888 -116.10 33.45
-116.10 33.50 10 1 -68.6571 5.55266E+00 0 -93.1358 8.39029E+01 -1 21.0987 2.51058E+00 27.1943 -116.10 33.50
-116.10 33.55 10 1 -65.2549 1.25630E+01 0 -77.0226 7.71761E+01 -1 24.1804 2.53231E+00 27.1917 -116.10 33.55
-116.10 33.60 10 1 -49.7896 7.88557E+01 0 -62.642 1.08719E+01 -1 27.823 2.41986E+00 27.2097 -116.10 33.60
-116.10 33.65 10 1 -23.0394 8.52876E+01 0 -60.8386 3.72674E+00 -1 29.3492 2.88007E+00 27.2113 -116.10 33.65
-116.10 33.70 10 1 -104.651 8.07378E+01 0 -59.7075 6.58439E+00 -1 29.5407 6.48528E+00 27.1968 -116.10 33.70
-116.10 33.75 10 1 -95.6276 7.84072E+01 0 -61.7356 9.66387E+00 -1 27.18 6.34230E+00 27.1514 -116.10 33.75
-116.10 33.80 10 1 -83.3165 7.70929E+01 0 -59.5135 1.18415E+01 -1 29.4224 5.06191E+00 27.1831 -116.10 33.80
-116.10 33.85 10 1 -69.8219 7.63129E+01 0 -53.3376 1.31444E+01 -1 35.7857 3.74877E+00 27.2224 -116.10 33.85
-116.10 33.90 10 1 -60.9554 7.37107E+01 0 -48.378 1.59184E+01 -1 40.6605 3.36727E+00 27.2489 -116.10 33.90
-116.10 33.95 10 1 -55.6393 6.03241E+01 0 -49.1583 2.95181E+01 -1 39.2621 2.78734E+00 27.2514 -116.10 33.95
-116.10 34.00 10 1 -53.4144 1.00296E+01 0 -41.9547 7.97706E+01 -1 36.9379 1.99109E+00 27.2465 -116.10 34.00
-116.05 32.50 10 1 -96.6713 7.19488E-01 0 -108.647 8.92646E+01 -1 -6.6732 1.52596E-01 26.9831 -116.05 32.50
-116.05 32.55 -2321 -2321 650 651
-116.05 32.60 10 1 -97.7477 7.33196E-01 0 48.9836 8.91231E+01 -1 -7.7539 4.80984E-01 27.0417 -116.05 32.60
-116.05 32.65 10 1 -97.8886 7.43530E-01 0 32.8042 8.88596E+01 -1 -7.8998 8.64493E-01 27.0715 -116.05 32.65
-116.05 32.70 -2321 -2321 654 654
-116.05 32.75 10 1 -97.9416 4.47592E-01 0 8.6059 8.84288E+01 -1 -7.9533 1.50604E+00 27.1028 -116.05 32.75
-116.05 32.80 10 1 -97.6868 4.25940E-01 0 7.0727 8.83285E+01 -1 -7.6988 1.61624E+00 27.1052 -116.05 32.80
-116.05 32.85 10 1 -97.305 5.01277E-01 0 8.6294 8.81747E+01 -1 -7.3203 1.75510E+00 27.1066 -116.05 32.85
-116.05 32.90 10 1 -96.9797 8.88685E-01 0 19.8668 8.80327E+01 -1 -7.0069 1.75492E+00 27.1094 -116.05 32.90
-116.05 32.95 10 1 -96.8846 1.69438E+00 0 36.5938 8.75384E+01 -1 -6.9374 1.78524E+00 27.1133 -116.05 32.95
-116.05 33.00 10 1 -96.3295 3.43873E+00 0 47.2019 8.57268E+01 -1 -6.4819 2.53385E+00 27.1213 -116.05 33.00
-116.05 33.05 10 1 -96.6849 6.99152E+00 0 55 8.20426E+01 -1 -7.1493 3.78098E+00 27.1384 -116.05 33.05
-116.05 33.10 10 1 -85.6578 7.79279E-01 0 34.7823 8.84621E+01 -1 4.3242 1.32572E+00 27.1125 -116.05 33.10
-116.05 33.15 10 1 -82.0326 8.46297E-01 0 36.98 8.82555E+01 -1 7.9448 1.52539E+00 27.1279 -116.05 33.15
-116.05 33.20 10 1 -78.7614 1.06646E+00 0 45.649 8.81133E+01 -1 11.2096 1.55619E+00 27.15 -116.05 33.20
-116.05 33.25 10 1 -76.4234 1.19938E+00 0 55 8.81577E+01 -1 13.5473 1.39810E+00 27.1647 -116.05 33.25
-116.05 33.30 10 1 -74.3281 1.22481E+00 0 -117.793 8.83126E+01 -1 15.6471 1.16036E+00 27.1709 -116.05 33.30
-116.05 33.35 10 1 -72.035 1.23268E+00 0 -115.529 8.83012E+01 -1 17.9398 1.16900E+00 27.1685 -116.05 33.35
-116.05 33.40 10 1 -70.3825 1.93940E+00 0 -106.37 8.76036E+01 -1 19.5698 1.40705E+00 27.1667 -116.05 33.40
-116.05 33.45 10 1 -69.4956 3.67340E+00 0 -98.4376 8.58041E+01 -1 20.3744 2.02494E+00 27.1679 -116.05 33.45
-116.05 33.50 10 1 -68.9883 6.86212E+00 0 -93.8218 8.24464E+01 -1 20.6332 3.14211E+00 27.1486 -116.05 33.50
-116.05 33.55 10 1 -65.9678 1.91278E+01 0 -77.4159 7.05130E+01 -1 22.7866 3.58654E+00 27.1417 -116.05 33.55
-116.05 33.60 10 1 -48.5176 7.66437E+01 0 -63.8234 1.28987E+01 -1 26.9579 3.40769E+00 27.1619 -116.05 33.60
-116.05 33.65 10 1 -98.981 8.24756E+01 0 -55.5166 5.47610E+00 -1 33.9889 5.14454E+00 27.2528 -116.05 33.65
-116.05 33.70 10 1 -86.6033 8.05403E+01 0 -56.8119 8.22785E+00 -1 32.5163 4.63555E+00 27.215 -116.05 33.70
-116.05 33.75 10 1 -81.127 7.75643E+01 0 -58.5323 1.15077E+01 -1 30.5188 4.65032E+00 27.1735 -116.05 33.75
-116.05 33.80 10 1 -75.9565 7.65711E+01 0 -58.0173 1.27980E+01 -1 31.0726 3.99985E+00 27.1571 -116.05 33.80
-116.05 33.85 10 1 -61.6269 7.34314E+01 0 -52.2766 1.63604E+01 -1 36.9749 2.54790E+00 27.1894 -116.05 33.85
-116.05 33.90 10 1 -53.6236 6.36975E+01 0 -48.1761 2.61996E+01 -1 40.759 2.16312E+00 27.2217 -116.05 33.90
-116.05 33.95 10 1 -49.8311 2.15141E+01 0 -43.6873 6.83731E+01 -1 40.9983 2.10305E+00 27.241 -116.05 33.95
-116.05 34.00 10 1 -51.3911 6.00513E-01 0 -116.046 8.85974E+01 -1 38.5956 1.26747E+00 27.2372 -116.05 34.00
-116.00 32.50 10 1 -97.4873 7.55217E-01 0 -102.109 8.92423E+01 -1 -7.4881 6.10439E-02 26.9655 -116.00 32.50
-116.00 32.55 -2320 -2320 650 651
-116.00 32.60 10 1 -98.8034 7.55988E-01 0 -114.92 8.92132E+01 -1 -8.8062 2.18425E-01 27.028 -116.00 32.60
-116.00 32.65 10 1 -98.9059 7.66425E-01 0 39.5396 8.89759E+01 -1 -8.9149 6.79265E-01 27.0594 -116.00 32.65
-116.00 32.70 -2320 -2320 654 654
-116.00 32.75 10 1 -99.4457 4.50290E-01 0 6.9164 8.84020E+01 -1 -9.4578 1.53326E+00 27.0986 -116.00 32.75
-116.00 32.80 10 1 -100.243 1.71249E-01 0 -5.3244 8.80035E+01 -1 -10.249 1.98914E+00 27.1051 -116.00 32.80
-116.00 32.85 10 1 -99.9804 1.83099E-01 0 -4.9992 8.78923E+01 -1 -9.9872 2.09976E+00 27.1055 -116.00 32.85
-116.00 32.90 10 1 -100.225 8.77040E-01 0 13.8275 8.78491E+01 -1 -10.2553 1.96392E+00 27.1041 -116.00 32.90
-116.00 32.95 10 1 -100.468 1.66363E+00 0 32.9202 8.75790E+01 -1 -10.5195 1.75840E+00 27.1111 -116.00 32.95
-116.00 33.00 10 1 -99.3772 3.90767E+00 0 38.1426 8.47084E+01 -1 -9.6208 3.56252E+00 27.1113 -116.00 33.00
-116.00 33.05 10 1 -94.8592 3.46082E+00 0 55 8.60293E+01 -1 -4.9768 1.94422E+00 27.0951 -116.00 33.05
-116.00 33.10 10 1 -87.8613 1.24893E+00 0 52.6938 8.83829E+01 -1 2.1163 1.02709E+00 27.0986 -116.00 33.10
-116.00 33.15 10 1 -83.9895 1.34051E+00 0 50.1829 8.80766E+01 -1 5.9782 1.37903E+00 27.1071 -116.00 33.15
-116.00 33.20 10 1 -80.4717 1.50833E+00 0 55 8.79048E+01 -1 9.49 1.45392E+00 27.1217 -116.00 33.20
-116.00 33.25 10 1 -77.3039 1.85258E+00 0 -113.778 8.76966E+01 -1 12.6518 1.36834E+00 27.143 -116.00 33.25
-116.00 33.30 10 1 -73.9456 1.96176E+00 0 -110.974 8.75432E+01 -1 16.0038 1.47831E+00 27.1462 -116.00 33.30
-116.00 33.35 10 1 -71.3686 2.01947E+00 0 -107.695 8.74939E+01 -1 18.5791 1.48334E+00 27.1433 -116.00 33.35
-116.00 33.40 10 1 -69.2865 2.43325E+00 0 -99.1192 8.71956E+01 -1 20.6543 1.39343E+00 27.1432 -116.00 33.40
-116.00 33.45 10 1 -67.3768 3.89831E+00 0 -91.9639 8.57144E+01 -1 22.502 1.77765E+00 27.1292 -116.00 33.45
-116.00 33.50 10 1 -66.2369 7.89534E+00 0 -87.2158 8.15519E+01 -1 23.3486 2.98644E+00 27.1053 -116.00 33.50
-116.00 33.55 10 1 -65.14 2.59707E+01 0 -76.8849 6.35489E+01 -1 22.5768 4.67561E+00 27.0837 -116.00 33.55
-116.00 33.60 10 1 -70.6841 7.89828E+01 0 -59.1354 1.07995E+01 -1 30.4536 2.15377E+00 27.1154 -116.00 33.60
-116.00 33.65 10 1 -92.0973 8.04815E+01 0 -53.0829 7.42273E+00 -1 36.1424 5.92509E+00 27.1763 -116.00 33.65
-116.00 33.70 10 1 -73.0563 7.76765E+01 0 -54.6417 1.17103E+01 -1 34.5725 3.78527E+00 27.2004 -116.00 33.70
-116.00 33.75 10 1 -66.9413 7.24981E+01 0 -55.7677 1.71899E+01 -1 33.2439 3.19156E+00 27.1782 -116.00 33.75
-116.00 33.80 10 1 -60.9861 6.70816E+01 0 -54.6055 2.27910E+01 -1 34.4332 2.28663E+00 27.1594 -116.00 33.80
-116.00 33.85 10 1 -52.3633 5.28656E+01 0 -51.124 3.71279E+01 -1 38.4244 5.96444E-01 27.1716 -116.00 33.85
-116.00 33.90 10 1 -50.6829 2.54178E+01 0 -48.4288 6.45650E+01 -1 39.7326 8.74228E-01 27.2029 -116.00 33.90
-116.00 33.95 10 1 -49.7793 1.21555E+00 0 -13.1869 8.84861E+01 -1 40.2398 9.02149E-01 27.2248 -116.00 33.95
-116.00 34.00 10 1 -51.1038 1.46095E+00 0 -84.3206 8.82539E+01 -1 38.8718 9.56128E-01 27.2332 -116.00 34.00
-115.95 32.50 10 1 -98.2017 8.19106E-01 0 -102.013 8.91791E+01 -1 -8.2025 5.45689E-02 26.9468 -115.95 32.50
-115.95 32.55 -2319 -2319 650 651
-115.95 32.60 10 1 -99.4854 8.73871E-01 0 -110.189 8.91107E+01 -1 -9.4879 1.65150E-01 27.014 -115.95 32.60
-115.95 32.65 10 1 -99.9627 8.47410E-01 0 49.7512 8.90186E+01 -1 -9.97 4.94829E-01 27.0474 -115.95 32.65
-115.95 32.70 -2319 -2319 654 654
-115.95 32.75 10 1 -100.91 5.27519E-01 0 9.7252 8.85035E+01 -1 -10.9231 1.40044E+00 27.0911 -115.95 32.75
-115.95 32.80 10 1 -101.786 2.00721E-01 0 -5.6845 8.81125E+01 -1 -11.793 1.87688E+00 27.1004 -115.95 32.80
-115.95 32.85 10 1 -102.891 1.66140E-01 0 -8.6634 8.77474E+01 -1 -12.8973 2.24650E+00 27.104 -115.95 32.85
-115.95 32.90 10 1 -103.628 8.84382E-01 0 8.0156 8.76034E+01 -1 -13.6623 2.22726E+00 27.1007 -115.95 32.90
-115.95 32.95 10 1 -103.4 2.03633E+00 0 23.4835 8.66097E+01 -1 -13.4968 2.70941E+00 27.1003 -115.95 32.95
-115.95 33.00 10 1 -102.015 4.09760E+00 0 26.0788 8.33766E+01 -1 -12.3883 5.19481E+00 27.0984 -115.95 33.00
-115.95 33.05 10 1 -94.8111 1.51063E+00 0 -65.2332 8.82631E+01 -1 -4.7885 8.56920E-01 27.0886 -115.95 33.05
-115.95 33.10 10 1 -90.2123 1.44625E+00 0 -108.077 8.84806E+01 -1 -0.2241 4.65938E-01 27.0883 -115.95 33.10
-115.95 33.15 10 1 -86.0242 1.62948E+00 0 -122.743 8.79675E+01 -1 3.9413 1.21457E+00 27.0958 -115.95 33.15
-115.95 33.20 10 1 -82.2615 1.82763E+00 0 -120.14 8.76851E+01 -1 7.6931 1.42042E+00 27.1047 -115.95 33.20
-115.95 33.25 10 1 -78.6857 2.09864E+00 0 -112.452 8.74760E+01 -1 11.2629 1.40161E+00 27.1159 -115.95 33.25
-115.95 33.30 10 1 -73.4797 2.48251E+00 0 -108.278 8.69777E+01 -1 16.4456 1.72260E+00 27.1123 -115.95 33.30
-115.95 33.35 10 1 -70.1322 2.48401E+00 0 -108.289 8.68422E+01 -1 19.7832 1.94852E+00 27.1193 -115.95 33.35
-115.95 33.40 10 1 -67.9555 2.89800E+00 0 -101.952 8.65059E+01 -1 21.9457 1.95039E+00 27.1054 -115.95 33.40
-115.95 33.45 10 1 -65.1191 4.29879E+00 0 -90.8025 8.52320E+01 -1 24.7261 2.05869E+00 27.0803 -115.95 33.45
-115.95 33.50 10 1 -61.7278 8.39949E+00 0 -78.7346 8.12223E+01 -1 27.8983 2.53074E+00 27.0705 -115.95 33.50
-115.95 33.55 10 1 -59.507 2.69636E+01 0 -69.8778 6.26532E+01 -1 28.3383 4.22688E+00 27.0451 -115.95 33.55
-115.95 33.60 10 1 -107.142 7.86230E+01 0 -45.8559 5.52165E+00 -1 43.1758 9.91600E+00 27.0777 -115.95 33.60
-115.95 33.65 10 1 -92.9014 7.97818E+01 0 -49.4091 7.45026E+00 -1 39.677 6.95350E+00 27.1092 -115.95 33.65
-115.95 33.70 10 1 -72.2252 7.68240E+01 0 -52.2999 1.24125E+01 -1 36.7406 4.35099E+00 27.1414 -115.95 33.70
-115.95 33.75 10 1 -57.426 4.32213E+01 0 -53.0784 4.66963E+01 -1 34.616 2.17138E+00 27.1583 -115.95 33.75
-115.95 33.80 10 1 -55.03 1.56959E+01 0 -51.3088 7.42726E+01 -1 35.2427 9.70438E-01 27.1471 -115.95 33.80
-115.95 33.85 10 1 -52.2876 1.42836E+01 0 -51.4748 7.57150E+01 -1 37.7619 1.94337E-01 27.1601 -115.95 33.85
-115.95 33.90 10 1 -50.8727 2.91315E+00 0 -57.5179 8.70672E+01 -1 39.1101 3.38807E-01 27.1903 -115.95 33.90
-115.95 33.95 10 1 -50.5294 1.43770E+00 0 -58.2137 8.85494E+01 -1 39.4658 1.93900E-01 27.2097 -115.95 33.95
-115.95 34.00 10 1 -51.6732 1.83950E+00 0 -69.5858 8.80669E+01 -1 38.3077 5.94156E-01 27.223 -115.95 34.00
-115.90 32.50 10 1 -98.7968 9.50915E-01 0 -101.348 8.90480E+01 -1 -8.7975 4.23633E-02 26.9318 -115.90 32.50
-115.90 32.55 -2318 -2318 650 651
-115.90 32.60 10 1 -100.351 1.02460E+00 0 -101.012 8.89755E+01 -1 -10.3513 1.18119E-02 26.9976 -115.90 32.60
-115.90 32.65 10 1 -100.954 9.97982E-01 0 -116.714 8.89630E+01 -1 -10.9591 2.81577E-01 27.0311 -115.90 32.65
-115.90 32.70 -2318 -2318 654 654
-115.90 32.75 10 1 -102.426 5.99823E-01 0 13.0742 8.86069E+01 -1 -12.4393 1.25724E+00 27.0864 -115.90 32.75
-115.90 32.80 10 1 -103.27 2.52740E-01 0 -4.8971 8.82651E+01 -1 -13.278 1.71651E+00 27.098 -115.90 32.80
-115.90 32.85 10 1 -104.403 5.75227E-01 0 0.9351 8.78264E+01 -1 -14.4246 2.09604E+00 27.0986 -115.90 32.85
-115.90 32.90 10 1 -106.171 1.06288E+00 0 7.7236 8.73774E+01 -1 -16.215 2.39723E+00 27.0983 -115.90 32.90
-115.90 32.95 10 1 -106.335 2.34457E+00 0 13.364 8.52758E+01 -1 -16.5029 4.09907E+00 27.0894 -115.90 32.95
-115.90 33.00 10 1 -104.943 4.12583E+00 0 14.942 8.17623E+01 -1 -15.4588 7.11757E+00 27.082 -115.90 33.00
-115.90 33.05 10 1 -96.4243 1.72702E+00 0 -53.1004 8.76267E+01 -1 -6.3752 1.62739E+00 27.0916 -115.90 33.05
-115.90 33.10 10 1 -92.6222 1.55964E+00 0 -92.4969 8.84404E+01 -1 -2.6221 3.40576E-03 27.0892 -115.90 33.10
-115.90 33.15 10 1 -88.1685 1.67929E+00 0 -119.428 8.80357E+01 -1 1.8016 1.01873E+00 27.0887 -115.90 33.15
-115.90 33.20 10 1 -84.122 1.95792E+00 0 -120.446 8.75704E+01 -1 5.8289 1.43806E+00 27.0962 -115.90 33.20
-115.90 33.25 10 1 -79.1304 2.40348E+00 0 -113.541 8.70875E+01 -1 10.8006 1.64397E+00 27.0912 -115.90 33.25
-115.90 33.30 10 1 -71.9384 3.16869E+00 0 -103.441 8.62850E+01 -1 17.9544 1.93725E+00 27.0807 -115.90 33.30
-115.90 33.35 10 1 -66.6964 3.65466E+00 0 -96.4551 8.57920E+01 -1 23.1705 2.08296E+00 27.0949 -115.90 33.35
-115.90 33.40 10 1 -66.893 3.29545E+00 0 -108.645 8.55866E+01 -1 22.938 2.93247E+00 27.0392 -115.90 33.40
-115.90 33.45 10 1 -63.9752 4.65198E+00 0 -98.1561 8.43824E+01 -1 25.7689 3.14217E+00 27.0031 -115.90 33.45
-115.90 33.50 10 1 -58.5255 8.41412E+00 0 -78.1124 8.10771E+01 -1 31.038 2.94842E+00 27.0091 -115.90 33.50
-115.90 33.55 10 1 -88.5782 8.07822E+01 0 -53.9734 7.60817E+00 -1 35.3336 5.17348E+00 27.0834 -115.90 33.55
-115.90 33.60 10 1 -91.7922 8.03232E+01 0 -49.5239 7.19173E+00 -1 39.6599 6.44034E+00 27.065 -115.90 33.60
-115.90 33.65 10 1 -94.5164 8.01871E+01 0 -46.4062 6.58773E+00 -1 42.7531 7.24061E+00 27.0667 -115.90 33.65
-115.90 33.70 10 1 -65.6499 7.38992E+01 0 -50.1871 1.55467E+01 -1 38.6745 4.08487E+00 27.0925 -115.90 33.70
-115.90 33.75 10 1 -54.255 1.27074E+01 0 -46.9325 7.71916E+01 -1 36.1013 1.57948E+00 27.1163 -115.90 33.75
-115.90 33.80 10 1 -54.5882 5.06563E+00 0 -50.4492 8.49212E+01 -1 35.4441 3.64661E-01 27.1243 -115.90 33.80
-115.90 33.85 10 1 -52.0732 4.18300E+00 0 -56.3128 8.58055E+01 -1 37.9042 3.08993E-01 27.1389 -115.90 33.85
-115.90 33.90 10 1 -50.7877 7.49609E-01 0 -8.2689 8.89830E+01 -1 39.2213 6.87229E-01 27.169 -115.90 33.90
-115.90 33.95 10 1 -50.9253 1.09197E+00 0 -55.3287 8.89048E+01 -1 39.0731 8.40635E-02 27.1923 -115.90 33.95
-115.90 34.00 10 1 -52.1451 1.61116E+00 0 -68.1284 8.83240E+01 -1 37.842 4.61233E-01 27.2069 -115.90 34.00
-115.85 32.50 10 1 -99.4714 1.10099E+00 0 -100.029 8.88991E+01 -1 -9.4716 1.07191E-02 26.9185 -115.85 32.50
-115.85 32.55 -2317 -2317 650 651
-115.85 32.60 10 1 -101.342 1.17738E+00 0 -94.3293 8.88137E+01 -1 -11.3389 1.44784E-01 26.9808 -115.85 32.60
-115.85 32.65 10 1 -102.077 1.19754E+00 0 -100.403 8.88020E+01 -1 -12.0766 3.49954E-02 27.0142 -115.85 32.65
-115.85 32.70 -2317 -2317 654 654
-115.85 32.75 10 1 -103.806 6.92891E-01 0 16.7861 8.86386E+01 -1 -13.8204 1.17170E+00 27.0673 -115.85 32.75
-115.85 32.80 10 1 -104.729 5.17546E-01 0 3.3032 8.83285E+01 -1 -14.7431 1.58932E+00 27.0904 -115.85 32.80
-115.85 32.85 10 1 -105.576 9.83884E-01 0 10.3543 8.77509E+01 -1 -15.6107 2.02226E+00 27.0943 -115.85 32.85
-115.85 32.90 10 1 -106.887 1.57423E+00 0 12.4169 8.67862E+01 -1 -16.9637 2.80119E+00 27.0912 -115.85 32.90
-115.85 32.95 10 1 -107.808 2.68474E+00 0 7.7074 8.37873E+01 -1 -18.0718 5.59850E+00 27.0781 -115.85 32.95
-115.85 33.00 10 1 -100.273 2.42145E+00 0 -38.0793 8.48201E+01 -1 -10.0795 4.57630E+00 27.0965 -115.85 33.00
-115.85 33.05 10 1 -96.7019 1.85860E+00 0 -47.373 8.71495E+01 -1 -6.6318 2.16048E+00 27.0941 -115.85 33.05
-115.85 33.10 10 1 -94.0773 1.61310E+00 0 -88.0567 8.83779E+01 -1 -4.0725 1.70035E-01 27.0968 -115.85 33.10
-115.85 33.15 10 1 -90.3597 1.64903E+00 0 55 8.79793E+01 -1 -0.3934 1.16744E+00 27.0937 -115.85 33.15
-115.85 33.20 10 1 -86.2037 1.92513E+00 0 53.509 8.74770E+01 -1 3.7414 1.63023E+00 27.091 -115.85 33.20
-115.85 33.25 10 1 -82.5296 2.37562E+00 0 -115.454 8.71705E+01 -1 7.4067 1.53619E+00 27.0955 -115.85 33.25
-115.85 33.30 10 1 -73.1778 3.43027E+00 0 -104.063 8.60046E+01 -1 16.6995 2.04603E+00 27.0498 -115.85 33.30
-115.85 33.35 10 1 -62.8893 4.83217E+00 0 -86.4643 8.47302E+01 -1 26.9333 2.09769E+00 27.0599 -115.85 33.35
-115.85 33.40 10 1 -62.4272 4.86953E+00 0 -94.6921 8.42467E+01 -1 27.3121 3.05650E+00 26.9951 -115.85 33.40
-115.85 33.45 10 1 -62.9649 5.05203E+00 0 -108.384 8.28216E+01 -1 26.5842 5.08638E+00 26.8951 -115.85 33.45
-115.85 33.50 10 1 -110.379 7.93404E+01 0 -55.2251 6.13833E+00 -1 33.834 8.68120E+00 26.9668 -115.85 33.50
-115.85 33.55 10 1 -84.578 8.12701E+01 0 -53.8393 7.51858E+00 -1 35.5773 4.41096E+00 27.0428 -115.85 33.55
-115.85 33.60 10 1 -77.4812 8.06892E+01 0 -51.0491 8.35198E+00 -1 38.35 4.08606E+00 27.0525 -115.85 33.60
-115.85 33.65 10 1 -70.3499 7.84386E+01 0 -49.6374 1.08324E+01 -1 39.5974 3.99217E+00 27.0499 -115.85 33.65
-115.85 33.70 10 1 -52.1769 3.18053E+01 0 -46.3795 5.80629E+01 -1 39.4385 2.60275E+00 27.0663 -115.85 33.70
-115.85 33.75 10 1 -52.6004 4.51544E+00 0 -43.4526 8.54267E+01 -1 37.4568 7.24073E-01 27.0897 -115.85 33.75
-115.85 33.80 10 1 -52.863 3.39591E+00 0 -55.2756 8.66011E+01 -1 37.1286 1.42747E-01 27.097 -115.85 33.80
-115.85 33.85 10 1 -51.0099 2.32990E+00 0 -73.7414 8.74741E+01 -1 38.9505 9.74957E-01 27.1064 -115.85 33.85
-115.85 33.90 10 1 -50.8786 2.78369E-01 0 -98.6937 8.95855E+01 -1 39.1199 3.07156E-01 27.1423 -115.85 33.90
-115.85 33.95 10 1 -50.9146 2.91057E-01 0 -101.609 8.95407E+01 -1 39.0836 3.55516E-01 27.1714 -115.85 33.95
-115.85 34.00 10 1 -52.0972 7.78733E-01 0 -86.299 8.90583E+01 -1 37.8956 5.29173E-01 27.1897 -115.85 34.00
-115.80 32.50 10 1 -100.243 1.23587E+00 0 -100.555 8.87641E+01 -1 -10.2427 6.73707E-03 26.9041 -115.80 32.50
-115.80 32.55 -2316 -2316 650 651
-115.80 32.60 10 1 -102.049 1.26178E+00 0 -94.2819 8.87265E+01 -1 -12.0449 1.72036E-01 26.9634 -115.80 32.60
-115.80 32.65 10 1 -102.916 1.32813E+00 0 -93.1521 8.86524E+01 -1 -12.9103 2.28454E-01 26.9952 -115.80 32.65
-115.80 32.70 -2316 -2316 654 654
-115.80 32.75 10 1 -105.308 8.30390E-01 0 19.7857 8.85557E+01 -1 -15.3251 1.18147E+00 27.0455 -115.80 32.75
-115.80 32.80 10 1 -106.643 9.97825E-01 0 17.9966 8.82450E+01 -1 -16.6683 1.44369E+00 27.0654 -115.80 32.80
-115.80 32.85 10 1 -107.307 1.41462E+00 0 19.8231 8.76573E+01 -1 -17.3531 1.86700E+00 27.0809 -115.80 32.85
-115.80 32.90 10 1 -107.327 2.07678E+00 0 10.2959 8.55280E+01 -1 -17.471 3.95880E+00 27.0784 -115.80 32.90
-115.80 32.95 10 1 -108.282 3.01268E+00 0 3.1609 8.18079E+01 -1 -18.6853 7.61099E+00 27.0629 -115.80 32.95
-115.80 33.00 10 1 -99.9991 2.54279E+00 0 -33.4235 8.36259E+01 -1 -9.7388 5.84107E+00 27.0959 -115.80 33.00
-115.80 33.05 10 1 -96.4786 1.88756E+00 0 -45.6553 8.70136E+01 -1 -6.4024 2.31336E+00 27.0992 -115.80 33.05
-115.80 33.10 10 1 -93.6834 1.65330E+00 0 -111.117 8.82672E+01 -1 -3.6983 5.18892E-01 27.1022 -115.80 33.10
-115.80 33.15 10 1 -92.1792 1.62513E+00 0 37.678 8.74652E+01 -1 -2.2344 1.94480E+00 27.1043 -115.80 33.15
-115.80 33.20 10 1 -89.1028 1.94139E+00 0 46.4966 8.72837E+01 -1 0.8328 1.89904E+00 27.0899 -115.80 33.20
-115.80 33.25 10 1 -84.9854 2.38552E+00 0 -120.72 8.70621E+01 -1 4.9432 1.71383E+00 27.085 -115.80 33.25
-115.80 33.30 10 1 -79.288 3.04259E+00 0 -109.871 8.64669E+01 -1 10.6166 1.79419E+00 27.0651 -115.80 33.30
-115.80 33.35 10 1 -66.9728 4.60102E+00 0 -93.1682 8.48750E+01 -1 22.8458 2.25264E+00 26.9987 -115.80 33.35
-115.80 33.40 10 1 -56.8008 6.16881E+00 0 -79.368 8.33241E+01 -1 32.9243 2.54223E+00 26.9792 -115.80 33.40
-115.80 33.45 10 1 -97.2774 7.46209E+01 0 -57.3211 1.19057E+01 -1 30.6368 9.59315E+00 26.9158 -115.80 33.45
-115.80 33.50 10 1 -118.293 7.87239E+01 0 -55.1924 5.15452E+00 -1 33.8961 1.00016E+01 26.9128 -115.80 33.50
-115.80 33.55 10 1 -92.8597 8.16021E+01 0 -53.5439 6.51587E+00 -1 35.8519 5.27502E+00 26.9948 -115.80 33.55
-115.80 33.60 10 1 -66.737 7.99129E+01 0 -52.2824 9.77402E+00 -1 37.292 2.46927E+00 27.0232 -115.80 33.60
-115.80 33.65 10 1 -54.6971 6.08178E+01 0 -50.8744 2.91279E+01 -1 38.2186 1.62717E+00 27.0295 -115.80 33.65
-115.80 33.70 10 1 -51.6192 4.36565E+00 0 -43.1326 8.55862E+01 -1 38.4303 6.48859E-01 27.0482 -115.80 33.70
-115.80 33.75 10 1 -52.1497 2.92848E+00 0 -49.1866 8.70676E+01 -1 37.8581 1.51314E-01 27.0602 -115.80 33.75
-115.80 33.80 10 1 -52.4442 1.92761E+00 0 -75.1745 8.79102E+01 -1 37.5287 8.06880E-01 27.0683 -115.80 33.80
-115.80 33.85 10 1 -51.2538 1.74215E+00 0 -69.3552 8.81672E+01 -1 38.7289 5.69108E-01 27.0872 -115.80 33.85
-115.80 33.90 10 1 -50.9939 7.88522E-01 0 -41.9864 8.92016E+01 -1 39.0078 1.24976E-01 27.1172 -115.80 33.90
-115.80 33.95 10 1 -51.1085 2.23290E-01 0 19.5669 8.93254E+01 -1 38.894 6.36721E-01 27.1481 -115.80 33.95
-115.80 34.00 10 1 -52.0687 2.47756E-02 0 40.4927 8.94454E+01 -1 37.9311 5.53762E-01 27.1716 -115.80 34.00
-115.75 32.50 10 1 -101.042 1.27277E+00 0 -99.6367 8.87270E+01 -1 -11.0415 3.12183E-02 26.8862 -115.75 32.50
-115.75 32.55 -2315 -2315 650 651
-115.75 32.60 10 1 -102.699 1.33184E+00 0 -92.2537 8.86458E+01 -1 -12.6931 2.45427E-01 26.9412 -115.75 32.60
-115.75 32.65 10 1 -103.578 1.29526E+00 0 -99.5422 8.87016E+01 -1 -13.5763 9.13581E-02 26.9692 -115.75 32.65
-115.75 32.70 -2315 -2315 654 654
-115.75 32.75 10 1 -106.834 9.76877E-01 0 19.8429 8.83648E+01 -1 -16.8558 1.31123E+00 27.0205 -115.75 32.75
-115.75 32.80 10 1 -109.442 1.50307E+00 0 35.6076 8.81663E+01 -1 -19.4692 1.04994E+00 27.0436 -115.75 32.80
-115.75 32.85 10 1 -110.48 1.87712E+00 0 30.9623 8.76001E+01 -1 -20.5294 1.49479E+00 27.0616 -115.75 32.85
-115.75 32.90 10 1 -110.223 2.36157E+00 0 7.0332 8.48543E+01 -1 -20.4119 4.56911E+00 27.06 -115.75 32.90
-115.75 32.95 10 1 -102.785 3.78173E+00 0 -32.2816 7.87975E+01 -1 -12.0811 1.05293E+01 27.0924 -115.75 32.95
-115.75 33.00 10 1 -99.6423 2.62939E+00 0 -28.2462 8.18085E+01 -1 -9.2841 7.75253E+00 27.0986 -115.75 33.00
-115.75 33.05 10 1 -95.9083 1.95283E+00 0 -46.3545 8.69914E+01 -1 -5.8302 2.28782E+00 27.1054 -115.75 33.05
-115.75 33.10 10 1 -93.0322 1.69608E+00 0 24.5016 8.63349E+01 -1 -3.1285 3.24806E+00 27.109 -115.75 33.10
-115.75 33.15 10 1 -92.6797 1.82952E+00 0 23.9649 8.59259E+01 -1 -2.7961 3.63898E+00 27.1037 -115.75 33.15
-115.75 33.20 10 1 -92.7728 1.93131E+00 0 33.1104 8.67074E+01 -1 -2.8628 2.66570E+00 27.098 -115.75 33.20
-115.75 33.25 10 1 -88.1116 2.36946E+00 0 49.5303 8.67950E+01 -1 1.7991 2.15695E+00 27.0824 -115.75 33.25
-115.75 33.30 10 1 -83.4198 2.88463E+00 0 -113.928 8.66528E+01 -1 6.4947 1.69637E+00 27.0837 -115.75 33.30
-115.75 33.35 10 1 -74.1355 3.99715E+00 0 -102.807 8.54465E+01 -1 15.7123 2.17764E+00 27.0059 -115.75 33.35
-115.75 33.40 10 1 -63.9203 2.80631E+01 0 -53.6013 6.15472E+01 -1 28.3872 4.31898E+00 26.941 -115.75 33.40
-115.75 33.45 10 1 -75.4375 7.07591E+01 0 -56.385 1.82586E+01 -1 31.6734 5.86341E+00 26.95 -115.75 33.45
-115.75 33.50 10 1 -103.626 7.96845E+01 0 -55.5397 6.93230E+00 -1 33.5305 7.60139E+00 26.9292 -115.75 33.50
-115.75 33.55 10 1 -92.0657 8.21190E+01 0 -52.774 6.11480E+00 -1 36.694 4.95292E+00 26.9517 -115.75 33.55
-115.75 33.60 10 1 -57.9055 7.36235E+01 0 -51.4663 1.62786E+01 -1 38.0257 1.73933E+00 26.9833 -115.75 33.60
-115.75 33.65 10 1 -51.9107 5.09664E+00 0 -50.4085 8.49016E+01 -1 38.1011 1.32947E-01 26.9992 -115.75 33.65
-115.75 33.70 10 1 -51.5656 3.63013E+00 0 -50.5857 8.63693E+01 -1 38.4383 6.19200E-02 27.019 -115.75 33.70
-115.75 33.75 10 1 -52.2126 2.39763E+00 0 -64.5179 8.75461E+01 -1 37.7655 5.22375E-01 27.0314 -115.75 33.75
-115.75 33.80 10 1 -52.5559 1.67775E+00 0 -74.2104 8.81951E+01 -1 37.4246 6.65707E-01 27.0438 -115.75 33.80
-115.75 33.85 10 1 -51.2952 1.73787E+00 0 -50.2611 8.82618E+01 -1 38.7057 3.13481E-02 27.068 -115.75 33.85
-115.75 33.90 10 1 -51.1002 9.48581E-01 0 -17.5279 8.88617E+01 -1 38.9102 6.29434E-01 27.0946 -115.75 33.90
-115.75 33.95 10 1 -51.387 5.77326E-01 0 -5.0814 8.91642E+01 -1 38.619 6.04189E-01 27.1254 -115.75 33.95
-115.75 34.00 10 1 -52.2456 4.03976E-01 0 0.5776 8.93315E+01 -1 37.7581 5.32629E-01 27.1518 -115.75 34.00
-115.70 32.50 10 1 -101.959 1.27939E+00 0 -98.8784 8.87188E+01 -1 -11.957 6.88185E-02 26.8678 -115.70 32.50
-115.70 32.55 -2314 -2314 650 651
-115.70 32.60 10 1 -103.1 1.29385E+00 0 -98.5116 8.87019E+01 -1 -13.0978 1.03803E-01 26.9202 -115.70 32.60
-115.70 32.65 10 1 -104.214 1.11905E+00 0 -122.193 8.88235E+01 -1 -14.2207 3.63061E-01 26.9378 -115.70 32.65
-115.70 32.70 -2314 -2314 654 654
-115.70 32.75 10 1 -107.897 1.08512E+00 0 17.5297 8.81285E+01 -1 -17.9261 1.52468E+00 26.9846 -115.70 32.75
-115.70 32.80 10 1 -111.415 1.84665E+00 0 41.4643 8.79254E+01 -1 -21.4458 9.45068E-01 27.0112 -115.70 32.80
-115.70 32.85 10 1 -114.401 2.22308E+00 0 39.1857 8.75181E+01 -1 -24.444 1.10293E+00 27.0504 -115.70 32.85
-115.70 32.90 10 1 -114.49 2.45410E+00 0 6.2141 8.52021E+01 -1 -24.6673 4.12025E+00 27.0559 -115.70 32.90
-115.70 32.95 10 1 -100.834 4.21255E+00 0 -26.4302 7.46794E+01 -1 -9.7263 1.47026E+01 27.0925 -115.70 32.95
-115.70 33.00 10 1 -99.244 2.68722E+00 0 -21.1992 7.72335E+01 -1 -8.6493 1.24712E+01 27.1076 -115.70 33.00
-115.70 33.05 10 1 -95.5955 2.13521E+00 0 -59.7179 8.73654E+01 -1 -5.538 1.54255E+00 27.1145 -115.70 33.05
-115.70 33.10 10 1 -93.1802 2.04804E+00 0 5.6052 7.68225E+01 -1 -3.6537 1.30117E+01 27.1118 -115.70 33.10
-115.70 33.15 10 1 -92.5252 2.07809E+00 0 5.9503 7.61693E+01 -1 -3.0308 1.36676E+01 27.1073 -115.70 33.15
-115.70 33.20 10 1 -93.1939 2.14403E+00 0 12.2202 8.19824E+01 -1 -3.4848 7.72193E+00 27.1013 -115.70 33.20
-115.70 33.25 10 1 -92.217 2.31798E+00 0 30.1927 8.56811E+01 -1 -2.3647 3.64226E+00 27.0903 -115.70 33.25
-115.70 33.30 10 1 -86.6733 2.84051E+00 0 55 8.63622E+01 -1 3.2139 2.27069E+00 27.0783 -115.70 33.30
-115.70 33.35 10 1 -84.6262 5.82665E-01 0 5.4831 1.06233E+01 -1 2.2706 7.93604E+01 26.4341 -115.70 33.35
-115.70 33.40 10 1 -64.21 1.58023E+01 0 -50.1629 7.37360E+01 -1 26.853 3.75027E+00 26.739 -115.70 33.40
-115.70 33.45 10 1 -63.9037 6.10590E+01 0 -54.9483 2.86443E+01 -1 32.9778 3.79053E+00 26.9512 -115.70 33.45
-115.70 33.50 10 1 -70.5079 7.50989E+01 0 -52.2376 1.41810E+01 -1 36.6273 4.48284E+00 26.9068 -115.70 33.50
-115.70 33.55 10 1 -61.888 7.58768E+01 0 -50.3935 1.38509E+01 -1 38.9388 2.70595E+00 26.9229 -115.70 33.55
-115.70 33.60 10 1 -50.4774 9.59175E+00 0 -49.9496 8.04079E+01 -1 39.5373 8.67136E-02 26.9592 -115.70 33.60
-115.70 33.65 10 1 -50.5394 4.94451E+00 0 -51.9141 8.50540E+01 -1 39.4504 1.18069E-01 26.9719 -115.70 33.65
-115.70 33.70 10 1 -50.6763 3.68848E+00 0 -53.9634 8.63055E+01 -1 39.31 2.11260E-01 26.9943 -115.70 33.70
-115.70 33.75 10 1 -51.2809 2.79940E+00 0 -60.0276 8.71677E+01 -1 38.6981 4.30011E-01 27.007 -115.70 33.75
-115.70 33.80 10 1 -51.5417 2.35201E+00 0 -50.9441 8.76478E+01 -1 38.4593 2.45042E-02 27.0224 -115.70 33.80
-115.70 33.85 10 1 -50.8981 2.06351E+00 0 -32.6142 8.78268E+01 -1 39.1264 6.81172E-01 27.0469 -115.70 33.85
-115.70 33.90 10 1 -50.9878 1.28614E+00 0 -23.8358 8.85546E+01 -1 39.027 6.59370E-01 27.0741 -115.70 33.90
-115.70 33.95 10 1 -51.4528 8.75594E-01 0 -17.5605 8.89452E+01 -1 38.5562 5.88090E-01 27.1029 -115.70 33.95
-115.70 34.00 10 1 -52.4113 6.70702E-01 0 -15.0252 8.91561E+01 -1 37.5947 5.12473E-01 27.1297 -115.70 34.00
-115.65 32.50 10 1 -102.938 1.19874E+00 0 -104.768 8.88006E+01 -1 -12.9391 3.82857E-02 26.8457 -115.65 32.50
-115.65 32.55 -2313 -2313 650 651
-115.65 32.60 10 1 -103.146 1.11058E+00 0 55 8.87991E+01 -1 -13.1545 4.57168E-01 26.9038 -115.65 32.60
-115.65 32.65 10 1 -104.159 9.15029E-01 0 21.6182 8.84351E+01 -1 -14.179 1.26937E+00 26.9159 -115.65 32.65
-115.65 32.70 -2313 -2313 654 654
-115.65 32.75 10 1 -108.821 1.28999E+00 0 15.7887 8.77296E+01 -1 -18.8627 1.86800E+00 26.9366 -115.65 32.75
-115.65 32.80 10 1 -112.348 2.17269E+00 0 36.6707 8.74662E+01 -1 -22.3974 1.30305E+00 26.9573 -115.65 32.80
-115.65 32.85 10 1 -116.822 2.52243E+00 0 -93.1643 8.72465E+01 -1 -26.7729 1.10346E+00 26.9975 -115.65 32.85
-115.65 32.90 10 1 -113.272 4.28748E+00 0 -55.5294 8.20042E+01 -1 -22.7642 6.73639E+00 27.0439 -115.65 32.90
-115.65 32.95 10 1 -97.7498 4.43489E+00 0 -14.604 5.69811E+01 -1 -4.902 3.26429E+01 27.0942 -115.65 32.95
-115.65 33.00 10 1 -95.8653 3.12440E+00 0 -6.2801 7.55572E+00 -1 16.4426 8.18168E+01 27.1122 -115.65 33.00
-115.65 33.05 10 1 -95.5664 2.70363E+00 0 -5.5343 6.79711E-01 -1 -81.4335 8.72121E+01 27.1217 -115.65 33.05
-115.65 33.10 10 1 -93.0859 2.60019E+00 0 -2.6131 1.03001E+01 -1 -17.088 7.93698E+01 27.1191 -115.65 33.10
-115.65 33.15 10 1 -91.5428 2.43402E+00 0 -0.7189 1.86888E+01 -1 -8.6917 7.11417E+01 27.1163 -115.65 33.15
-115.65 33.20 10 1 -92.4518 2.43192E+00 0 -1.014 3.05762E+01 -1 -6.5546 5.93062E+01 27.1089 -115.65 33.20
-115.65 33.25 10 1 -91.3312 6.30977E+00 0 -1.7164 3.47948E+00 -1 -120.433 8.27876E+01 27.1733 -115.65 33.25
-115.65 33.30 10 1 -92.235 4.25074E+00 0 -2.7915 7.44522E+00 -1 27.258 8.14148E+01 27.0138 -115.65 33.30
-115.65 33.35 10 1 -88.5888 1.41978E+00 0 1.6516 9.60668E+00 -1 -6.9145 8.02870E+01 26.6879 -115.65 33.35
-115.65 33.40 10 1 -67.7365 1.27454E+01 0 -50.8274 7.66988E+01 -1 23.1112 3.74225E+00 26.5618 -115.65 33.40
-115.65 33.45 10 1 -55.8322 2.40732E+01 0 -47.502 6.56996E+01 -1 35.5634 3.12040E+00 26.7803 -115.65 33.45
-115.65 33.50 10 1 -49.5533 2.00552E+01 0 -43.0002 6.98235E+01 -1 41.2206 2.11906E+00 26.8467 -115.65 33.50
-115.65 33.55 10 1 -47.7516 8.14026E+00 0 -46.4413 8.18576E+01 -1 42.2747 1.83695E-01 26.8792 -115.65 33.55
-115.65 33.60 10 1 -48.8268 6.82068E+00 0 -51.3903 8.31725E+01 -1 41.137 3.02491E-01 26.9201 -115.65 33.60
-115.65 33.65 10 1 -48.9802 4.49298E+00 0 -55.723 8.54758E+01 -1 40.9782 5.29014E-01 26.9353 -115.65 33.65
-115.65 33.70 10 1 -49.4071 3.81735E+00 0 -54.2261 8.61691E+01 -1 40.5715 3.20871E-01 26.9602 -115.65 33.70
-115.65 33.75 10 1 -50.1117 3.35526E+00 0 -47.9363 8.66423E+01 -1 39.8957 1.27162E-01 26.981 -115.65 33.75
-115.65 33.80 10 1 -50.342 2.91456E+00 0 -38.0407 8.70171E+01 -1 39.6903 6.34420E-01 26.9988 -115.65 33.80
-115.65 33.85 10 1 -50.5192 2.25567E+00 0 -30.3521 8.75972E+01 -1 39.5134 8.27543E-01 27.024 -115.65 33.85
-115.65 33.90 10 1 -50.7941 1.49409E+00 0 -27.1773 8.83695E+01 -1 39.223 6.52943E-01 27.0527 -115.65 33.90
-115.65 33.95 10 1 -51.2865 1.12688E+00 0 -23.5665 8.87271E+01 -1 38.7252 5.91950E-01 27.0806 -115.65 33.95
-115.65 34.00 10 1 -52.3097 8.90968E-01 0 -21.0107 8.89573E+01 -1 37.6987 5.41591E-01 27.1055 -115.65 34.00
-115.60 32.50 10 1 -103.8 9.50321E-01 0 55 8.89888E+01 -1 -13.8059 3.45487E-01 26.8253 -115.60 32.50
-115.60 32.55 -2312 -2312 650 651
-115.60 32.60 10 1 -102.974 8.95358E-01 0 18.6993 8.82951E+01 -1 -12.9965 1.45068E+00 26.8818 -115.60 32.60
-115.60 32.65 10 1 -103.766 8.06026E-01 0 5.9088 8.76072E+01 -1 -13.7978 2.25280E+00 26.8931 -115.60 32.65
-115.60 32.70 -2312 -2312 654 654
-115.60 32.75 10 1 -108.843 1.43645E+00 0 8.3973 8.68643E+01 -1 -18.9131 2.78682E+00 26.8921 -115.60 32.75
-115.60 32.80 10 1 -114.107 2.39603E+00 0 -102.167 8.75510E+01 -1 -24.0855 5.06046E-01 26.8902 -115.60 32.80
-115.60 32.85 10 1 -121.238 3.12746E+00 0 -45.3056 7.73311E+01 -1 -30.5575 1.22643E+01 26.9338 -115.60 32.85
-115.60 32.90 10 1 -99.5261 7.26688E+00 0 -22.5048 6.04132E+01 -1 -5.5549 2.85069E+01 27.1299 -115.60 32.90
-115.60 32.95 10 1 -92.7368 4.82837E+00 0 -3.1451 4.82169E+00 -1 42.0987 8.31683E+01 27.1116 -115.60 32.95
-115.60 33.00 10 1 -91.2227 3.86021E+00 0 -1.1674 8.19511E-01 -1 -79.2008 8.60535E+01 27.1184 -115.60 33.00
-115.60 33.05 10 1 -91.7428 3.49324E+00 0 -1.5769 2.71498E+00 -1 -53.7983 8.55737E+01 27.1305 -115.60 33.05
-115.60 33.10 10 1 -91.6751 3.29573E+00 0 -1.4156 4.49594E+00 -1 -37.8016 8.44215E+01 27.1352 -115.60 33.10
-115.60 33.15 10 1 -91.9029 5.47756E+00 0 -1.5756 3.40959E+00 -1 -59.8142 8.35424E+01 27.1362 -115.60 33.15
-115.60 33.20 10 1 -91.6259 4.79049E+00 0 -1.4559 2.02860E+00 -1 -68.5703 8.47958E+01 27.1378 -115.60 33.20
-115.60 33.25 10 1 -93.5672 4.39373E+00 0 -3.887 4.15574E+00 -1 42.8644 8.39467E+01 27.143 -115.60 33.25
-115.60 33.30 10 1 -95.3576 3.14212E+00 0 -5.8627 9.12280E+00 -1 13.4622 8.03425E+01 27.0657 -115.60 33.30
-115.60 33.35 10 1 -91.8115 1.30588E+00 0 -1.5732 1.03424E+01 -1 -8.9279 7.95737E+01 26.8194 -115.60 33.35
-115.60 33.40 10 1 -72.0699 8.58662E+00 0 18.3622 2.85959E+00 -1 -53.3763 8.09429E+01 26.4322 -115.60 33.40
-115.60 33.45 10 1 -49.6396 9.39489E+00 0 -32.6098 8.01825E+01 -1 40.828 2.82396E+00 26.5089 -115.60 33.45
-115.60 33.50 10 1 -42.8284 5.16494E+00 0 -36.4609 8.48031E+01 -1 47.2234 5.73235E-01 26.7438 -115.60 33.50
-115.60 33.55 10 1 -44.8401 5.93216E+00 0 -45.5956 8.40673E+01 -1 45.1518 7.76754E-02 26.7923 -115.60 33.55
-115.60 33.60 10 1 -46.31 5.24189E+00 0 -54.045 8.47102E+01 -1 43.625 7.07993E-01 26.8423 -115.60 33.60
-115.60 33.65 10 1 -47.2817 4.35490E+00 0 -57.7732 8.55714E+01 -1 42.6571 8.03315E-01 26.8884 -115.60 33.65
-115.60 33.70 10 1 -48.1939 4.14474E+00 0 -48.1931 8.58553E+01 -1 41.8061 5.21370E-05 26.9167 -115.60 33.70
-115.60 33.75 10 1 -49.0926 3.67957E+00 0 -40.524 8.62790E+01 -1 40.9429 5.52881E-01 26.9487 -115.60 33.75
-115.60 33.80 10 1 -49.578 3.05565E+00 0 -34.9009 8.68415E+01 -1 40.4647 7.98754E-01 26.9718 -115.60 33.80
-115.60 33.85 10 1 -50.0996 2.25682E+00 0 -31.8662 8.76241E+01 -1 39.9296 7.42651E-01 27 -115.60 33.85
-115.60 33.90 10 1 -50.5099 1.59847E+00 0 -29.6171 8.82891E+01 -1 39.5072 6.09824E-01 27.0304 -115.60 33.90
-115.60 33.95 10 1 -51.2091 1.27585E+00 0 -26.0595 8.85907E+01 -1 38.8042 5.98780E-01 27.0571 -115.60 33.95
-115.60 34.00 10 1 -52.1987 1.06316E+00 0 -24.1765 8.87957E+01 -1 37.8118 5.65667E-01 27.0815 -115.60 34.00
-115.55 32.50 10 1 -104.986 7.60995E-01 0 40.0279 8.90711E+01 -1 -14.9929 5.32505E-01 26.8226 -115.55 32.50
-115.55 32.55 -2311 -2311 650 651
-115.55 32.60 10 1 -103.127 9.44420E-01 0 9.9867 8.75955E+01 -1 -13.1635 2.21119E+00 26.8712 -115.55 32.60
-115.55 32.65 10 1 -103.145 8.12938E-01 0 0.6316 8.65902E+01 -1 -13.1925 3.31127E+00 26.8705 -115.55 32.65
-115.55 32.70 -2311 -2311 654 654
-115.55 32.75 10 1 -108.267 1.35560E+00 0 -1.2052 8.53888E+01 -1 -18.3714 4.40659E+00 26.8445 -115.55 32.75
-115.55 32.80 10 1 -113.366 1.80338E+00 0 -46.1725 8.53562E+01 -1 -23.2314 4.27796E+00 26.8266 -115.55 32.80
-115.55 32.85 10 1 -123.739 3.38532E+00 0 -38.6863 5.55522E+01 -1 -31.4322 3.42333E+01 26.8612 -115.55 32.85
-115.55 32.90 10 1 -94.0873 7.15761E+00 0 -6.5194 1.86713E+01 -1 15.9909 6.99078E+01 27.1599 -115.55 32.90
-115.55 32.95 10 1 -88.1973 5.34437E+00 0 1.6813 1.29668E+00 -1 -101.914 8.44997E+01 27.1593 -115.55 32.95
-115.55 33.00 10 1 -86.2268 3.87911E-02 0 3.7748 2.44173E+00 -1 2.8636 8.75579E+01 27.1583 -115.55 33.00
-115.55 33.05 10 1 -93.7296 6.60809E+00 0 -3.7383 7.54096E-02 -1 -94.3892 8.33915E+01 27.1705 -115.55 33.05
-115.55 33.10 10 1 -94.7271 4.85149E+00 0 -4.8067 9.37646E-01 -1 -105.718 8.50583E+01 27.1541 -115.55 33.10
-115.55 33.15 10 1 -93.1308 3.96255E+00 0 -3.146 2.19800E-01 -1 -96.3159 8.60313E+01 27.1431 -115.55 33.15
-115.55 33.20 10 1 -91.554 3.10077E+00 0 -1.5792 4.65079E-01 -1 -100.101 8.68644E+01 27.1363 -115.55 33.20
-115.55 33.25 10 1 -94.5234 2.69900E+00 0 -4.7941 5.72318E+00 -1 20.6183 8.36685E+01 27.1268 -115.55 33.25
-115.55 33.30 10 1 -99.2147 2.61886E+00 0 -9.6173 8.73306E+00 -1 7.3337 8.08768E+01 27.0867 -115.55 33.30
-115.55 33.35 10 1 -98.9118 1.51792E-01 0 -8.9332 8.00083E+00 -1 -7.832 8.19977E+01 26.8757 -115.55 33.35
-115.55 33.40 10 1 -93.4344 4.35613E+00 0 -3.0189 5.43795E+00 -1 -41.9387 8.30242E+01 26.5735 -115.55 33.40
-115.55 33.45 10 1 -42.1779 6.55606E+00 0 2.7957 8.07725E+01 -1 48.5682 6.46489E+00 26.3071 -115.55 33.45
-115.55 33.50 10 1 -41.0409 5.83900E+00 0 -37.5474 8.41502E+01 -1 48.9953 3.53999E-01 26.5339 -115.55 33.50
-115.55 33.55 10 1 -41.0294 5.59389E+00 0 -44.9092 8.43933E+01 -1 48.9337 3.76961E-01 26.6822 -115.55 33.55
-115.55 33.60 10 1 -43.7411 5.25890E+00 0 -52.4436 8.46802E+01 -1 46.1853 8.00398E-01 26.7511 -115.55 33.60
-115.55 33.65 10 1 -45.6075 4.91966E+00 0 -48.7587 8.50729E+01 -1 44.3693 2.69522E-01 26.8255 -115.55 33.65
-115.55 33.70 10 1 -46.6899 4.56661E+00 0 -40.6385 8.54079E+01 -1 43.3486 4.82052E-01 26.8665 -115.55 33.70
-115.55 33.75 10 1 -48.0776 3.87724E+00 0 -36.977 8.60490E+01 -1 41.9738 7.58360E-01 26.9059 -115.55 33.75
-115.55 33.80 10 1 -48.974 3.06199E+00 0 -35.7954 8.68553E+01 -1 41.0642 7.15576E-01 26.9413 -115.55 33.80
-115.55 33.85 10 1 -49.5756 2.25511E+00 0 -33.7939 8.76566E+01 -1 40.4495 6.36667E-01 26.9732 -115.55 33.85
-115.55 33.90 10 1 -50.3434 1.73258E+00 0 -31.2499 8.81667E+01 -1 39.6748 5.99353E-01 27.0051 -115.55 33.90
-115.55 33.95 10 1 -51.1648 1.41605E+00 0 -28.1234 8.84613E+01 -1 38.8501 6.02017E-01 27.0327 -115.55 33.95
-115.55 34.00 10 1 -52.0758 1.18899E+00 0 -25.9078 8.86753E+01 -1 37.9363 5.84040E-01 27.0578 -115.55 34.00
-115.50 32.50 10 1 -107.905 7.58611E-01 0 18.34 8.87170E+01 -1 -17.919 1.03456E+00 26.7939 -115.50 32.50
-115.50 32.55 -2310 -2310 650 651
-115.50 32.60 10 1 -102.291 1.24518E+00 0 8.9549 8.65674E+01 -1 -12.361 3.19826E+00 26.8683 -115.50 32.60
-115.50 32.65 10 1 -102.136 1.14811E+00 0 2.3545 8.54208E+01 -1 -12.2252 4.43231E+00 26.8688 -115.50 32.65
-115.50 32.70 -2310 -2310 654 654
-115.50 32.75 10 1 -106.878 8.21039E-01 0 9.3466 8.81426E+01 -1 -16.9019 1.66607E+00 26.8014 -115.50 32.75
-115.50 32.80 10 1 -109.115 4.31937E-01 0 -21.346 7.90374E+01 -1 -19.0319 1.09538E+01 26.7453 -115.50 32.80
-115.50 32.85 10 1 -95.5892 8.22268E+00 0 -12.1033 3.81346E+01 -1 4.5669 5.06647E+01 27.1953 -115.50 32.85
-115.50 32.90 10 1 -76.873 4.69321E+00 0 13.4472 3.89441E+00 -1 -37.0173 8.38958E+01 27.1556 -115.50 32.90
-115.50 32.95 10 1 -81.9394 7.86005E+00 0 7.9999 4.39500E-01 -1 -85.1803 8.21275E+01 27.1551 -115.50 32.95
-115.50 33.00 10 1 -90.5665 6.97895E+00 0 -0.58 1.10674E-01 -1 -91.4841 8.30201E+01 27.1702 -115.50 33.00
-115.50 33.05 10 1 -94.0551 5.43268E+00 0 -4.1256 7.41128E-01 -1 -101.87 8.45167E+01 27.1643 -115.50 33.05
-115.50 33.10 10 1 -95.4809 3.75621E+00 0 -5.621 2.13362E+00 -1 55 8.56786E+01 27.155 -115.50 33.10
-115.50 33.15 10 1 -94.5617 2.64387E+00 0 -4.6968 2.92338E+00 -1 37.4988 8.60568E+01 27.1481 -115.50 33.15
-115.50 33.20 10 1 -93.39 2.02694E+00 0 -3.5015 3.14718E+00 -1 29.3454 8.62554E+01 27.1354 -115.50 33.20
-115.50 33.25 10 1 -96.1903 1.65241E+00 0 -6.3384 5.11947E+00 -1 11.6443 8.46191E+01 27.1051 -115.50 33.25
-115.50 33.30 10 1 -101.334 1.26044E+00 0 -11.4836 6.77985E+00 -1 -0.8535 8.31029E+01 27.047 -115.50 33.30
-115.50 33.35 10 1 -105.775 3.68309E-02 0 -15.7709 6.47093E+00 -1 -16.0998 8.35290E+01 26.9008 -115.50 33.35
-115.50 33.40 10 1 -108.435 1.30636E+00 0 -18.2918 6.24514E+00 -1 -30.2 8.36186E+01 26.6649 -115.50 33.40
-115.50 33.45 10 1 -35.7048 6.77503E+00 0 54.0678 1.91291E+00 -1 -51.6179 8.29577E+01 26.3388 -115.50 33.45
-115.50 33.50 10 1 -38.1778 6.26698E+00 0 -43.2857 8.37082E+01 -1 51.7612 5.55707E-01 26.301 -115.50 33.50
-115.50 33.55 10 1 -38.4204 6.06634E+00 0 -43.4067 8.39108E+01 -1 51.5238 5.25319E-01 26.5328 -115.50 33.55
-115.50 33.60 10 1 -41.9892 5.92536E+00 0 -44.498 8.40690E+01 -1 47.9841 2.57774E-01 26.6533 -115.50 33.60
-115.50 33.65 10 1 -44.0802 5.52973E+00 0 -40 8.44563E+01 -1 45.9577 3.92003E-01 26.7421 -115.50 33.65
-115.50 33.70 10 1 -45.4077 4.90329E+00 0 -35.8412 8.50279E+01 -1 44.6629 8.22284E-01 26.8124 -115.50 33.70
-115.50 33.75 10 1 -47.4145 3.97241E+00 0 -37.3938 8.59663E+01 -1 42.6341 6.99641E-01 26.861 -115.50 33.75
-115.50 33.80 10 1 -48.2712 3.11686E+00 0 -36.4189 8.68154E+01 -1 41.7643 6.52793E-01 26.9064 -115.50 33.80
-115.50 33.85 10 1 -49.3064 2.39847E+00 0 -35.1417 8.75264E+01 -1 40.7189 6.04599E-01 26.9425 -115.50 33.85
-115.50 33.90 10 1 -50.2081 1.90559E+00 0 -32.3475 8.79980E+01 -1 39.8123 6.13567E-01 26.9776 -115.50 33.90
-115.50 33.95 10 1 -51.0992 1.56361E+00 0 -29.7743 8.83216E+01 -1 38.9174 6.10084E-01 27.0069 -115.50 33.95
-115.50 34.00 10 1 -52.0264 1.26200E+00 0 -24.9643 8.85829E+01 -1 37.9879 6.44508E-01 27.0358 -115.50 34.00
-115.45 32.50 10 1 -111.584 1.21619E+00 0 15.3188 8.79751E+01 -1 -21.6179 1.61875E+00 26.7878 -115.45 32.50
-115.45 32.55 -2309 -2309 650 651
-115.45 32.60 10 1 -100.306 1.81725E+00 0 12.0515 8.52319E+01 -1 -10.4457 4.40669E+00 26.8739 -115.45 32.60
-115.45 32.65 10 1 -100.513 1.89853E+00 0 9.2021 8.43881E+01 -1 -10.6885 5.27909E+00 26.8435 -115.45 32.65
-115.45 32.70 -2309 -2309 654 654
-115.45 32.75 10 1 -106.811 9.33362E-01 0 26.5405 8.86406E+01 -1 -16.8267 9.88420E-01 26.781 -115.45 32.75
-115.45 32.80 10 1 -88.6538 2.93496E+00 0 2.2499 1.70999E+01 -1 -8.09 7.26347E+01 26.7695 -115.45 32.80
-115.45 32.85 10 1 -62.1085 6.16781E+00 0 28.6637 7.10849E+00 -1 -12.6879 8.05677E+01 27.0821 -115.45 32.85
-115.45 32.90 10 1 -73.1233 6.39122E+00 0 17.0149 1.23324E+00 -1 -62.1112 8.34899E+01 27.1091 -115.45 32.90
-115.45 32.95 10 1 -81.0935 6.25196E+00 0 8.8729 3.06331E-01 -1 -83.921 8.37405E+01 27.1311 -115.45 32.95
-115.45 33.00 10 1 -88.2747 5.41922E+00 0 1.6726 5.54889E-01 -1 -94.156 8.45523E+01 27.1439 -115.45 33.00
-115.45 33.05 10 1 -93.9504 4.33159E+00 0 -4.0448 1.24671E+00 -1 -110.068 8.54919E+01 27.1532 -115.45 33.05
-115.45 33.10 10 1 -95.671 3.04998E+00 0 -5.8231 2.85378E+00 -1 41.1547 8.58213E+01 27.1454 -115.45 33.10
-115.45 33.15 10 1 -96.6838 2.16243E+00 0 -6.8332 3.94987E+00 -1 21.9542 8.54953E+01 27.1416 -115.45 33.15
-115.45 33.20 10 1 -96.2914 1.45817E+00 0 -6.412 4.72980E+00 -1 10.7992 8.50496E+01 27.1262 -115.45 33.20
-115.45 33.25 10 1 -97.9771 7.01069E-01 0 -8.0533 6.19988E+00 -1 -1.5513 8.37603E+01 27.0968 -115.45 33.25
-115.45 33.30 10 1 -103.096 2.51697E-01 0 -13.1259 6.82941E+00 -1 -10.9951 8.31659E+01 27.0224 -115.45 33.30
-115.45 33.35 10 1 -108.556 1.01096E-01 0 -18.5437 7.08525E+00 -1 -19.3696 8.29140E+01 26.9211 -115.45 33.35
-115.45 33.40 10 1 -111.443 7.01559E-01 0 -21.354 7.20861E+00 -1 -26.9716 8.27570E+01 26.7162 -115.45 33.40
-115.45 33.45 10 1 -124.676 1.13889E-01 0 -34.6619 7.16391E+00 -1 -35.5823 8.28352E+01 26.4332 -115.45 33.45
-115.45 33.50 10 1 -37.749 7.30906E+00 0 53.3764 8.70536E+00 -1 12.7637 7.85964E+01 26.134 -115.45 33.50
-115.45 33.55 10 1 -39.6796 7.22134E+00 0 -44.5326 8.27530E+01 -1 50.2436 6.06626E-01 26.3307 -115.45 33.55
-115.45 33.60 10 1 -40.4956 6.85131E+00 0 -39.03 8.31465E+01 -1 49.5252 1.73621E-01 26.5302 -115.45 33.60
-115.45 33.65 10 1 -43.648 6.09829E+00 0 -37.6324 8.38682E+01 -1 46.4202 6.37760E-01 26.6518 -115.45 33.65
-115.45 33.70 10 1 -45.2267 5.10731E+00 0 -37.3707 8.48446E+01 -1 44.836 7.00932E-01 26.7512 -115.45 33.70
-115.45 33.75 10 1 -46.9814 4.08937E+00 0 -38.5149 8.58657E+01 -1 43.0619 6.06621E-01 26.8104 -115.45 33.75
-115.45 33.80 10 1 -48.072 3.26936E+00 0 -37.4847 8.66741E+01 -1 41.9629 6.09742E-01 26.8653 -115.45 33.80
-115.45 33.85 10 1 -49.3114 2.61760E+00 0 -36.2274 8.73127E+01 -1 40.7164 6.07488E-01 26.9087 -115.45 33.85
-115.45 33.90 10 1 -50.1206 2.09983E+00 0 -33.461 8.78082E+01 -1 39.9024 6.27774E-01 26.9475 -115.45 33.90
-115.45 33.95 10 1 -51.1804 1.70052E+00 0 -30.3208 8.81803E+01 -1 38.8388 6.47581E-01 26.9809 -115.45 33.95
-115.45 34.00 10 1 -52.104 1.35807E+00 0 -24.2791 8.84644E+01 -1 37.913 7.16478E-01 27.0129 -115.45 34.00
-115.40 32.50 10 1 -115.662 1.71672E+00 0 20.7968 8.76323E+01 -1 -25.7107 1.63005E+00 26.811 -115.40 32.50
-115.40 32.55 -2308 -2308 650 651
-115.40 32.60 10 1 -103.633 2.26844E+00 0 12.6474 8.48876E+01 -1 -13.8151 4.57913E+00 26.8627 -115.40 32.60
-115.40 32.65 10 1 -97.0102 3.10951E+00 0 17.2128 8.24576E+01 -1 -7.3849 6.86480E+00 26.8131 -115.40 32.65
-115.40 32.70 -2308 -2308 654 654
-115.40 32.75 10 1 -67.6495 4.71110E+00 0 23.0974 8.98813E+00 -1 -5.0091 7.98339E+01 27.0228 -115.40 32.75
-115.40 32.80 10 1 -65.8564 4.44575E+00 0 24.8775 9.35613E+00 -1 -0.9836 7.96241E+01 27.0456 -115.40 32.80
-115.40 32.85 10 1 -65.7698 4.32730E+00 0 24.8473 8.09955E+00 -1 -3.6331 8.08032E+01 27.0651 -115.40 32.85
-115.40 32.90 10 1 -74.0413 4.63028E+00 0 16.0041 5.60508E-01 -1 -67.109 8.53358E+01 27.0885 -115.40 32.90
-115.40 32.95 10 1 -80.4928 4.77453E+00 0 9.4846 2.70289E-01 -1 -83.748 8.52178E+01 27.1109 -115.40 32.95
-115.40 33.00 10 1 -87.2137 4.14424E+00 0 2.7018 1.16601E+00 -1 -102.982 8.56943E+01 27.1137 -115.40 33.00
-115.40 33.05 10 1 -93.6226 3.58844E+00 0 -3.7651 2.27100E+00 -1 53.9676 8.57517E+01 27.1232 -115.40 33.05
-115.40 33.10 10 1 -95.6152 2.54502E+00 0 -5.7982 4.10985E+00 -1 26.0748 8.51637E+01 27.1251 -115.40 33.10
-115.40 33.15 10 1 -97.6881 1.80607E+00 0 -7.8539 5.24269E+00 -1 11.2594 8.44533E+01 27.1364 -115.40 33.15
-115.40 33.20 10 1 -98.1991 1.02577E+00 0 -8.3204 6.74326E+00 -1 0.4091 8.31784E+01 27.1177 -115.40 33.20
-115.40 33.25 10 1 -99.921 3.47094E-01 0 -9.9685 7.79288E+00 -1 -7.3866 8.21993E+01 27.0819 -115.40 33.25
-115.40 33.30 10 1 -104.219 1.23192E-02 0 -14.2203 8.28429E+00 -1 -14.1339 8.17157E+01 27.0031 -115.40 33.30
-115.40 33.35 10 1 -109.629 4.40154E-01 0 -19.5584 9.14384E+00 -1 -22.3616 8.08454E+01 26.9067 -115.40 33.35
-115.40 33.40 10 1 -113.495 7.76930E-01 0 -23.3547 1.02488E+01 -1 -27.7836 7.97212E+01 26.7463 -115.40 33.40
-115.40 33.45 10 1 -114.743 4.43644E-01 0 -24.6608 1.04503E+01 -1 -27.1465 7.95401E+01 26.5186 -115.40 33.45
-115.40 33.50 10 1 -102.633 2.29693E+00 0 -12.2124 1.03790E+01 -1 -24.9664 7.93643E+01 26.1838 -115.40 33.50
-115.40 33.55 10 1 -44.8702 9.30602E+00 0 -62.743 8.02310E+01 -1 44.6467 2.94569E+00 26.0636 -115.40 33.55
-115.40 33.60 10 1 -42.4026 8.10308E+00 0 -41.9716 8.18967E+01 -1 47.6059 6.01441E-02 26.3755 -115.40 33.60
-115.40 33.65 10 1 -44.727 6.70359E+00 0 -41.0109 8.32824E+01 -1 45.3237 4.31413E-01 26.5556 -115.40 33.65
-115.40 33.70 10 1 -46.026 5.39783E+00 0 -40.5946 8.45780E+01 -1 44.0222 5.10185E-01 26.6734 -115.40 33.70
-115.40 33.75 10 1 -47.237 4.32646E+00 0 -40.3856 8.56425E+01 -1 42.8022 5.17849E-01 26.7561 -115.40 33.75
-115.40 33.80 10 1 -48.56 3.50288E+00 0 -39.2249 8.64502E+01 -1 41.4752 5.74369E-01 26.8209 -115.40 33.80
-115.40 33.85 10 1 -49.4391 2.83737E+00 0 -37.4765 8.70998E+01 -1 40.5907 6.00159E-01 26.872 -115.40 33.85
-115.40 33.90 10 1 -50.4196 2.26865E+00 0 -34.7144 8.76435E+01 -1 39.6056 6.37213E-01 26.9156 -115.40 33.90
-115.40 33.95 10 1 -51.4047 1.83750E+00 0 -30.8478 8.80377E+01 -1 38.6174 6.88583E-01 26.9536 -115.40 33.95
-115.40 34.00 10 1 -52.2859 1.47591E+00 0 -24.4331 8.83308E+01 -1 37.7342 7.79500E-01 26.9881 -115.40 34.00
-115.35 32.50 10 1 -119.618 2.06775E+00 0 12.4246 8.69140E+01 -1 -29.7004 2.28985E+00 26.7193 -115.35 32.50
-115.35 32.55 -2307 -2307 650 651
-115.35 32.60 10 1 -107.311 2.39967E+00 0 17.5084 8.58025E+01 -1 -17.4559 3.44193E+00 26.9001 -115.35 32.60
-115.35 32.65 10 1 -96.9665 3.70498E+00 0 16.3677 8.07153E+01 -1 -7.5211 8.50146E+00 26.8158 -115.35 32.65
-115.35 32.70 -2307 -2307 654 654
-115.35 32.75 10 1 -71.8721 3.16314E+00 0 18.3184 3.44255E+00 -1 -24.3574 8.53224E+01 27.0182 -115.35 32.75
-115.35 32.80 10 1 -72.173 2.73000E+00 0 18.0496 4.65825E+00 -1 -12.4526 8.45977E+01 27.0424 -115.35 32.80
-115.35 32.85 10 1 -72.0429 2.85081E+00 0 17.8763 1.62218E+00 -1 -101.731 8.67193E+01 27.0626 -115.35 32.85
-115.35 32.90 10 1 -76.0796 3.15856E+00 0 13.76 2.90400E+00 -1 -118.758 8.57074E+01 27.0668 -115.35 32.90
-115.35 32.95 10 1 -81.9186 3.31134E+00 0 7.9462 2.33501E+00 -1 -117.183 8.59467E+01 27.0752 -115.35 32.95
-115.35 33.00 10 1 -87.262 2.92165E+00 0 2.4954 4.74221E+00 -1 34.2719 8.44265E+01 27.0816 -115.35 33.00
-115.35 33.05 10 1 -92.3544 2.42579E+00 0 -2.6842 7.73896E+00 -1 14.93 8.18853E+01 27.0908 -115.35 33.05
-115.35 33.10 10 1 -95.2728 1.82330E+00 0 -5.5678 9.18899E+00 -1 5.8488 8.06288E+01 27.1026 -115.35 33.10
-115.35 33.15 10 1 -97.2107 1.31135E+00 0 -7.4105 8.66292E+00 -1 1.3294 8.12369E+01 27.1123 -115.35 33.15
-115.35 33.20 10 1 -98.9487 7.44939E-01 0 -9.0836 1.02615E+01 -1 -4.8414 7.97109E+01 27.0949 -115.35 33.20
-115.35 33.25 10 1 -101.631 1.58588E-01 0 -11.6664 1.26032E+01 -1 -10.9217 7.73957E+01 27.0539 -115.35 33.25
-115.35 33.30 10 1 -105.705 3.11807E-01 0 -15.6103 1.68156E+01 -1 -16.7362 7.31813E+01 26.9868 -115.35 33.30
-115.35 33.35 10 1 -108.999 4.43412E-01 0 -18.8187 2.21233E+01 -1 -20.0895 6.78718E+01 26.8943 -115.35 33.35
-115.35 33.40 10 1 -112.21 2.92191E-01 0 -22.0656 2.62722E+01 -1 -22.8018 6.37259E+01 26.7777 -115.35 33.40
-115.35 33.45 10 1 -112.184 1.19758E-02 0 -22.1785 2.63409E+01 -1 -22.2086 6.36591E+01 26.5861 -115.35 33.45
-115.35 33.50 10 1 -112.073 7.99977E-02 0 -22.0388 2.28461E+01 -1 -22.2624 6.71537E+01 26.319 -115.35 33.50
-115.35 33.55 10 1 -70.9212 7.77015E+00 0 27.5152 4.70749E+01 -1 12.0529 4.18734E+01 25.9591 -115.35 33.55
-115.35 33.60 10 1 -50.3371 9.22158E+00 0 -56.9914 8.07169E+01 -1 39.4912 1.05723E+00 26.2006 -115.35 33.60
-115.35 33.65 10 1 -47.1709 7.62825E+00 0 -45.8463 8.23697E+01 -1 42.8524 1.74318E-01 26.4412 -115.35 33.65
-115.35 33.70 10 1 -48.0311 5.87772E+00 0 -44.6256 8.41120E+01 -1 42.0046 3.47319E-01 26.5936 -115.35 33.70
-115.35 33.75 10 1 -48.3264 4.69367E+00 0 -42.7196 8.52839E+01 -1 41.7113 4.58713E-01 26.6998 -115.35 33.75
-115.35 33.80 10 1 -49.3874 3.75168E+00 0 -41.3098 8.62108E+01 -1 40.6474 5.30915E-01 26.7725 -115.35 33.80
-115.35 33.85 10 1 -50.0009 3.01732E+00 0 -38.9383 8.69256E+01 -1 40.0302 5.88814E-01 26.8341 -115.35 33.85
-115.35 33.90 10 1 -51.0394 2.40644E+00 0 -36.0336 8.75087E+01 -1 38.9877 6.44276E-01 26.8827 -115.35 33.90
-115.35 33.95 10 1 -51.7239 1.98627E+00 0 -31.8861 8.78885E+01 -1 38.3009 7.15972E-01 26.9242 -115.35 33.95
-115.35 34.00 10 1 -52.6821 1.53994E+00 0 -24.8139 8.82582E+01 -1 37.3398 8.13815E-01 26.9626 -115.35 34.00
-115.30 32.50 10 1 47.7672 2.20826E+00 0 42.381 8.77819E+01 -1 -42.2408 2.08002E-01 26.551 -115.30 32.50
-115.30 32.55 -2306 -2306 650 651
-115.30 32.60 10 1 -110.584 2.28458E+00 0 -59.5089 8.63668E+01 -1 -20.4714 2.82351E+00 26.9911 -115.30 32.60
-115.30 32.65 10 1 -83.9356 4.78250E+00 0 5.7571 3.66792E+00 -1 -121.589 8.39677E+01 27.0068 -115.30 32.65
-115.30 32.70 -2306 -2306 654 654
-115.30 32.75 10 1 -76.0818 2.17314E+00 0 13.7599 4.16503E+00 -1 41.4079 8.53003E+01 27.0277 -115.30 32.75
-115.30 32.80 10 1 -76.6474 1.33663E+00 0 13.0918 1.10372E+01 -1 20.1703 7.88802E+01 27.043 -115.30 32.80
-115.30 32.85 10 1 -76.8787 1.62988E+00 0 11.8272 3.84387E+01 -1 15.1723 5.15137E+01 27.0382 -115.30 32.85
-115.30 32.90 10 1 -78.783 1.67541E+00 0 -0.5983 8.18702E+01 -1 11.4511 7.95297E+00 27.0359 -115.30 32.90
-115.30 32.95 10 1 -83.6285 1.71983E+00 0 -3.8999 8.04416E+01 -1 6.6563 9.39954E+00 27.0473 -115.30 32.95
-115.30 33.00 10 1 -87.6098 1.50615E+00 0 -6.0986 7.99004E+01 -1 2.6555 9.98430E+00 27.0594 -115.30 33.00
-115.30 33.05 10 1 -91.3919 1.44621E+00 0 -6.0971 7.28926E+01 -1 -0.9485 1.70424E+01 27.0686 -115.30 33.05
-115.30 33.10 10 1 -94.3605 1.10200E+00 0 -7.1498 6.84318E+01 -1 -3.9255 2.15372E+01 27.0815 -115.30 33.10
-115.30 33.15 10 1 -96.4413 6.54780E-01 0 -7.8469 6.50198E+01 -1 -6.1363 2.49704E+01 27.0877 -115.30 33.15
-115.30 33.20 10 1 -98.7943 2.70637E-01 0 -9.5887 7.11866E+01 -1 -8.7021 1.88113E+01 27.0813 -115.30 33.20
-115.30 33.25 10 1 -101.728 6.07980E-02 0 -11.5312 7.28360E+01 -1 -11.7468 1.71639E+01 27.0354 -115.30 33.25
-115.30 33.30 10 1 -104.979 9.06596E-02 0 -14.7161 7.09999E+01 -1 -15.0106 1.89998E+01 26.9834 -115.30 33.30
-115.30 33.35 10 1 -107.201 1.78017E-03 0 -17.2074 7.43293E+01 -1 -17.2006 1.56707E+01 26.8939 -115.30 33.35
-115.30 33.40 10 1 -110.345 2.91237E-01 0 -21.4139 7.47638E+01 -1 -20.2653 1.52333E+01 26.7891 -115.30 33.40
-115.30 33.45 10 1 -110.652 4.78302E-01 0 -22.1765 7.25765E+01 -1 -20.5021 1.74165E+01 26.6385 -115.30 33.45
-115.30 33.50 10 1 -108.01 2.98932E-02 0 -18.0758 6.56485E+01 -1 -17.9962 2.43515E+01 26.438 -115.30 33.50
-115.30 33.55 10 1 -96.3509 2.11249E+00 0 -1.9856 6.41445E+01 -1 -7.3707 2.57562E+01 26.1454 -115.30 33.55
-115.30 33.60 10 1 -66.3846 7.89258E+00 0 -93.7528 8.11276E+01 -1 23.0561 4.02725E+00 26.0808 -115.30 33.60
-115.30 33.65 10 1 -53.2219 8.44523E+00 0 -55.8209 8.15462E+01 -1 36.722 3.77814E-01 26.3275 -115.30 33.65
-115.30 33.70 10 1 -51.6376 6.41835E+00 0 -50.3785 8.35801E+01 -1 38.3782 1.39880E-01 26.5156 -115.30 33.70
-115.30 33.75 10 1 -50.5479 5.06581E+00 0 -46.419 8.49211E+01 -1 39.4843 3.63787E-01 26.6361 -115.30 33.75
-115.30 33.80 10 1 -50.9265 3.95955E+00 0 -44.0567 8.60119E+01 -1 39.1065 4.75508E-01 26.7247 -115.30 33.80
-115.30 33.85 10 1 -51.1646 3.13799E+00 0 -40.8522 8.68106E+01 -1 38.8667 5.69806E-01 26.7951 -115.30 33.85
-115.30 33.90 10 1 -51.8766 2.52297E+00 0 -37.5167 8.73958E+01 -1 38.1518 6.45047E-01 26.848 -115.30 33.90
-115.30 33.95 10 1 -52.3703 2.03649E+00 0 -32.574 8.78357E+01 -1 37.6558 7.32371E-01 26.8952 -115.30 33.95
-115.30 34.00 10 1 -53.3122 1.54104E+00 0 -24.9805 8.82493E+01 -1 36.7101 8.30405E-01 26.9369 -115.30 34.00
-115.25 32.50 10 1 25.0487 6.76513E+00 0 46.6988 8.27267E+01 -1 -64.6357 2.65851E+00 26.6618 -115.25 32.50
-115.25 32.55 -2305 -2305 650 651
-115.25 32.60 10 1 -97.7225 4.84958E+00 0 -7.3099 4.85123E+00 -1 -52.5065 8.31322E+01 27.0555 -115.25 32.60
-115.25 32.65 10 1 -89.9997 4.36364E+00 0 -0.1666 2.18594E+00 -1 -116.708 8.51176E+01 27.0293 -115.25 32.65
-115.25 32.70 -2305 -2305 654 654
-115.25 32.75 10 1 -80.7338 1.71892E+00 0 8.9435 1.06271E+01 -1 18.3448 7.92316E+01 27.0322 -115.25 32.75
-115.25 32.80 10 1 -81.1077 4.47047E-01 0 7.3041 7.42774E+01 -1 9.0181 1.57159E+01 27.0217 -115.25 32.80
-115.25 32.85 10 1 -81.389 4.04345E-01 0 2.416 8.62582E+01 -1 8.6372 3.71980E+00 27.0165 -115.25 32.85
-115.25 32.90 10 1 -81.8365 1.07150E-01 0 6.1576 8.69417E+01 -1 8.1692 3.05647E+00 27.0149 -115.25 32.90
-115.25 32.95 10 1 -85.0056 6.54405E-01 0 -7.0317 8.68623E+01 -1 5.0295 3.06865E+00 27.03 -115.25 32.95
-115.25 33.00 10 1 -87.3933 9.90382E-01 0 -18.8726 8.72970E+01 -1 2.6502 2.51480E+00 27.0425 -115.25 33.00
-115.25 33.05 10 1 -90.6214 7.32426E-01 0 -18.523 8.76184E+01 -1 -0.5924 2.26601E+00 27.0519 -115.25 33.05
-115.25 33.10 10 1 -93.3684 2.27204E-01 0 -14.9518 8.88686E+01 -1 -3.364 1.10834E+00 27.0679 -115.25 33.10
-115.25 33.15 10 1 -95.6008 6.10368E-03 0 -5.7648 8.78677E+01 -1 -5.6006 2.13229E+00 27.0706 -115.25 33.15
-115.25 33.20 10 1 -98.0505 1.27346E-01 0 -9.7722 8.57691E+01 -1 -8.0411 4.22895E+00 27.0676 -115.25 33.20
-115.25 33.25 10 1 -100.589 8.37083E-02 0 -11.5371 8.49522E+01 -1 -10.582 5.04704E+00 27.024 -115.25 33.25
-115.25 33.30 10 1 -103.565 1.68860E-01 0 -15.3537 8.46060E+01 -1 -13.5491 5.39134E+00 26.9736 -115.25 33.30
-115.25 33.35 10 1 -105.868 3.91340E-01 0 -20.1386 8.47588E+01 -1 -15.8327 5.22649E+00 26.8971 -115.25 33.35
-115.25 33.40 10 1 -107.653 5.11647E-01 0 -22.3938 8.38332E+01 -1 -17.5977 6.14540E+00 26.8034 -115.25 33.40
-115.25 33.45 10 1 -108.689 4.90549E-01 0 -22.4999 8.26586E+01 -1 -18.6265 7.32481E+00 26.6915 -115.25 33.45
-115.25 33.50 10 1 -106.046 1.60138E-01 0 -17.1291 8.15854E+01 -1 -16.0228 8.41308E+00 26.5317 -115.25 33.50
-115.25 33.55 10 1 -100.821 6.96409E-01 0 -6.5968 8.06298E+01 -1 -10.9357 9.34386E+00 26.3245 -115.25 33.55
-115.25 33.60 10 1 -82.2916 4.02938E+00 0 44.5026 8.32922E+01 -1 7.3302 5.35383E+00 26.1591 -115.25 33.60
-115.25 33.65 10 1 -64.3591 7.12209E+00 0 -75.5366 8.27417E+01 -1 25.4668 1.39257E+00 26.2665 -115.25 33.65
-115.25 33.70 10 1 -57.0969 6.65276E+00 0 -58.9888 8.33437E+01 -1 32.8777 2.17783E-01 26.4403 -115.25 33.70
-115.25 33.75 10 1 -54.2345 5.21770E+00 0 -52.064 8.47786E+01 -1 35.7835 1.96652E-01 26.5794 -115.25 33.75
-115.25 33.80 10 1 -53.1988 4.09860E+00 0 -47.685 8.58824E+01 -1 36.8294 3.94291E-01 26.6793 -115.25 33.80
-115.25 33.85 10 1 -52.9285 3.21877E+00 0 -43.547 8.67377E+01 -1 37.1013 5.30662E-01 26.7542 -115.25 33.85
-115.25 33.90 10 1 -53.1672 2.51748E+00 0 -38.8693 8.74022E+01 -1 36.861 6.40744E-01 26.8156 -115.25 33.90
-115.25 33.95 10 1 -53.4931 1.98040E+00 0 -32.6776 8.78814E+01 -1 36.5329 7.52254E-01 26.8666 -115.25 33.95
-115.25 34.00 10 1 -54.084 1.52410E+00 0 -24.8673 8.82539E+01 -1 35.9386 8.51913E-01 26.9103 -115.25 34.00
-115.20 32.50 10 1 -66.8667 5.84136E+00 0 -99.3319 8.30863E+01 -1 22.7558 3.68550E+00 26.9282 -115.20 32.50
-115.20 32.55 -2304 -2304 650 651
-115.20 32.60 10 1 -88.2949 4.43297E+00 0 29.5452 8.05746E+01 -1 1.057 8.30110E+00 27.0126 -115.20 32.60
-115.20 32.65 10 1 -91.3335 4.03391E+00 0 -1.0801 3.58789E+00 -1 -49.551 8.45974E+01 27.0496 -115.20 32.65
-115.20 32.70 -2304 -2304 654 654
-115.20 32.75 10 1 -85.7086 1.31748E+00 0 -1.0676 7.61662E+01 -1 4.6142 1.37684E+01 27.0318 -115.20 32.75
-115.20 32.80 10 1 -85.599 6.47800E-02 0 5.8656 8.74673E+01 -1 4.3981 2.53192E+00 27.0151 -115.20 32.80
-115.20 32.85 10 1 -85.0555 4.00600E-01 0 19.0238 8.83537E+01 -1 4.9333 1.59683E+00 27.0065 -115.20 32.85
-115.20 32.90 10 1 -84.5663 1.20733E-02 0 4.7513 8.89861E+01 -1 5.4339 1.01403E+00 27.0101 -115.20 32.90
-115.20 32.95 10 1 -86.1464 3.65501E-01 0 -22.9081 8.91884E+01 -1 3.8582 7.24720E-01 27.0188 -115.20 32.95
-115.20 33.00 10 1 -87.9525 4.64840E-01 0 -34.9412 8.92275E+01 -1 2.0525 6.17076E-01 27.0279 -115.20 33.00
-115.20 33.05 10 1 -90.1964 1.63232E-01 0 -27.7297 8.96467E+01 -1 -0.1955 3.13126E-01 27.0387 -115.20 33.05
-115.20 33.10 10 1 -92.5888 7.81806E-03 0 -3.9425 8.96690E+01 -1 -2.5887 3.31082E-01 27.0546 -115.20 33.10
-115.20 33.15 10 1 -94.8131 2.33021E-02 0 -5.952 8.88278E+01 -1 -4.8127 1.17200E+00 27.0558 -115.20 33.15
-115.20 33.20 10 1 -97.2351 9.59002E-02 0 -9.863 8.79091E+01 -1 -7.2316 2.08862E+00 27.0471 -115.20 33.20
-115.20 33.25 10 1 -99.6603 1.44319E-01 0 -12.9863 8.75140E+01 -1 -9.654 2.48184E+00 27.0158 -115.20 33.25
-115.20 33.30 10 1 -102.127 3.14364E-01 0 -18.6448 8.72324E+01 -1 -12.1125 2.74963E+00 26.9658 -115.20 33.30
-115.20 33.35 10 1 -104.224 4.84859E-01 0 -23.1329 8.68722E+01 -1 -14.1976 3.08990E+00 26.9089 -115.20 33.35
-115.20 33.40 10 1 -105.251 5.21455E-01 0 -23.6507 8.64347E+01 -1 -15.219 3.52688E+00 26.8233 -115.20 33.40
-115.20 33.45 10 1 -106.445 4.87291E-01 0 -23.3953 8.59798E+01 -1 -16.4107 3.99052E+00 26.729 -115.20 33.45
-115.20 33.50 10 1 -104.707 2.49108E-01 0 -17.9519 8.56080E+01 -1 -14.6877 4.38490E+00 26.6039 -115.20 33.50
-115.20 33.55 10 1 -100.248 3.64899E-01 0 -6.0093 8.50757E+01 -1 -10.2797 4.91074E+00 26.4489 -115.20 33.55
-115.20 33.60 10 1 -90.5238 1.98397E+00 0 24.3362 8.52895E+01 -1 -0.672 4.27057E+00 26.292 -115.20 33.60
-115.20 33.65 10 1 -75.4048 4.55222E+00 0 -99.4374 8.50178E+01 -1 14.4343 2.02051E+00 26.2863 -115.20 33.65
-115.20 33.70 10 1 -64.0112 5.87520E+00 0 -70.6702 8.40852E+01 -1 25.9187 6.81095E-01 26.3963 -115.20 33.70
-115.20 33.75 10 1 -58.9408 4.96400E+00 0 -59.2982 8.50359E+01 -1 31.0565 3.08067E-02 26.5356 -115.20 33.75
-115.20 33.80 10 1 -56.1553 4.14701E+00 0 -52.3363 8.58438E+01 -1 33.8647 2.75855E-01 26.6347 -115.20 33.80
-115.20 33.85 10 1 -55.2856 3.12763E+00 0 -46.7169 8.68371E+01 -1 34.7401 4.70311E-01 26.7188 -115.20 33.85
-115.20 33.90 10 1 -54.8354 2.43567E+00 0 -40.3846 8.74849E+01 -1 35.1912 6.26893E-01 26.7849 -115.20 33.90
-115.20 33.95 10 1 -54.8666 1.90119E+00 0 -32.8912 8.79501E+01 -1 35.1588 7.66577E-01 26.8377 -115.20 33.95
-115.20 34.00 10 1 -55.1861 1.45410E+00 0 -26.1679 8.83372E+01 -1 34.8344 8.06219E-01 26.8845 -115.20 34.00
-115.15 32.50 10 1 -62.3498 6.59792E+00 0 -86.7348 8.27624E+01 -1 27.3073 2.96181E+00 26.9605 -115.15 32.50
-115.15 32.55 -2303 -2303 650 651
-115.15 32.60 10 1 -82.6307 3.91300E+00 0 -118.362 8.51835E+01 -1 7.1774 2.80407E+00 27.0188 -115.15 32.60
-115.15 32.65 10 1 -88.8978 3.20166E+00 0 -119.32 8.62885E+01 -1 0.9972 1.87547E+00 27.0541 -115.15 32.65
-115.15 32.70 -2303 -2303 654 654
-115.15 32.75 10 1 -89.5748 8.35193E-01 0 -69.725 8.91122E+01 -1 0.4296 3.01467E-01 27.0491 -115.15 32.75
-115.15 32.80 10 1 -87.6519 4.85806E-02 0 -7.6194 8.97195E+01 -1 2.3483 2.76461E-01 27.0236 -115.15 32.80
-115.15 32.85 10 1 -87.0431 1.71993E-01 0 -48.4591 8.97797E+01 -1 2.9573 1.37216E-01 27.0098 -115.15 32.85
-115.15 32.90 10 1 -86.8687 1.11384E-01 0 17.504 8.95511E+01 -1 3.1305 4.34664E-01 27.0109 -115.15 32.90
-115.15 32.95 10 1 -87.671 2.17484E-01 0 20.7775 8.93127E+01 -1 2.3265 6.51912E-01 27.0126 -115.15 32.95
-115.15 33.00 10 1 -88.5921 3.62790E-01 0 -82.6063 8.96352E+01 -1 1.4081 3.80398E-02 27.0219 -115.15 33.00
-115.15 33.05 10 1 -90.0229 3.52702E-01 0 -46.6588 8.95146E+01 -1 -0.0208 3.33111E-01 27.0308 -115.15 33.05
-115.15 33.10 10 1 -92.1071 1.74120E-01 0 -22.902 8.95098E+01 -1 -2.1058 4.58486E-01 27.0437 -115.15 33.10
-115.15 33.15 10 1 -94.0344 8.05527E-02 0 -9.3764 8.91348E+01 -1 -4.0332 8.61405E-01 27.0468 -115.15 33.15
-115.15 33.20 10 1 -96.4096 1.16630E-01 0 -11.5501 8.86984E+01 -1 -6.407 1.29632E+00 27.0327 -115.15 33.20
-115.15 33.25 10 1 -98.6809 2.01454E-01 0 -15.6291 8.83352E+01 -1 -8.6751 1.65261E+00 27.011 -115.15 33.25
-115.15 33.30 10 1 -100.593 3.77304E-01 0 -21.7327 8.80478E+01 -1 -10.5807 1.91542E+00 26.9625 -115.15 33.30
-115.15 33.35 10 1 -102.558 5.59875E-01 0 -27.9321 8.78891E+01 -1 -12.5383 2.03527E+00 26.9137 -115.15 33.35
-115.15 33.40 10 1 -103.412 6.01546E-01 0 -28.7351 8.77248E+01 -1 -13.3888 2.19415E+00 26.8404 -115.15 33.40
-115.15 33.45 10 1 -103.944 4.87318E-01 0 -24.9998 8.74604E+01 -1 -13.9229 2.49241E+00 26.7576 -115.15 33.45
-115.15 33.50 10 1 -103.524 2.81483E-01 0 -19.2054 8.71590E+01 -1 -13.5099 2.82702E+00 26.6621 -115.15 33.50
-115.15 33.55 10 1 -99.7022 1.71953E-01 0 -6.4302 8.69902E+01 -1 -9.7112 3.00489E+00 26.539 -115.15 33.55
-115.15 33.60 10 1 -93.7369 1.12088E+00 0 17.4141 8.68962E+01 -1 -3.7936 2.89395E+00 26.4106 -115.15 33.60
-115.15 33.65 10 1 -82.3878 2.66617E+00 0 -119.737 8.66475E+01 -1 7.5176 2.03093E+00 26.3562 -115.15 33.65
-115.15 33.70 10 1 -71.3478 4.13923E+00 0 -85.1391 8.57384E+01 -1 18.579 1.01239E+00 26.4026 -115.15 33.70
-115.15 33.75 10 1 -64.3544 4.25875E+00 0 -68.1804 8.57318E+01 -1 25.6245 2.83763E-01 26.5075 -115.15 33.75
-115.15 33.80 10 1 -59.9958 3.68275E+00 0 -58.1574 8.63153E+01 -1 30.0117 1.17880E-01 26.603 -115.15 33.80
-115.15 33.85 10 1 -58.1248 2.85547E+00 0 -50.3444 8.71181E+01 -1 31.8947 3.89503E-01 26.6882 -115.15 33.85
-115.15 33.90 10 1 -56.8396 2.30709E+00 0 -42.2567 8.76162E+01 -1 33.1846 5.99545E-01 26.7549 -115.15 33.90
-115.15 33.95 10 1 -56.6276 1.72980E+00 0 -34.4006 8.81313E+01 -1 33.3938 7.06403E-01 26.8126 -115.15 33.95
-115.15 34.00 10 1 -56.5498 1.31768E+00 0 -27.2382 8.84890E+01 -1 33.4672 7.39495E-01 26.8601 -115.15 34.00
-115.10 32.50 10 1 -59.0262 6.96091E+00 0 -80.3489 8.25332E+01 -1 30.6453 2.68844E+00 26.9963 -115.10 32.50
-115.10 32.55 -2302 -2302 650 651
-115.10 32.60 10 1 -78.5612 2.98126E+00 0 -110.859 8.64743E+01 -1 11.3409 1.88046E+00 27.0373 -115.10 32.60
-115.10 32.65 10 1 -84.9687 2.22952E+00 0 -116.45 8.73862E+01 -1 4.9782 1.36363E+00 27.0727 -115.10 32.65
-115.10 32.70 -2302 -2302 654 654
-115.10 32.75 10 1 -88.762 8.70519E-01 0 -108.979 8.90723E+01 -1 1.2331 3.20525E-01 27.0566 -115.10 32.75
-115.10 32.80 10 1 -87.9925 3.37948E-01 0 34.344 8.93682E+01 -1 2.0044 5.33804E-01 27.0356 -115.10 32.80
-115.10 32.85 10 1 -88.5891 1.41061E-01 0 8.7477 8.88955E+01 -1 1.4082 1.09546E+00 27.0176 -115.10 32.85
-115.10 32.90 10 1 -88.1914 3.02206E-01 0 20.8718 8.90749E+01 -1 1.804 8.74460E-01 27.0165 -115.10 32.90
-115.10 32.95 10 1 -88.2494 4.47081E-01 0 44.4991 8.93412E+01 -1 1.7468 4.83643E-01 27.0147 -115.10 32.95
-115.10 33.00 10 1 -89.0925 5.45934E-01 0 -88.6716 8.94539E+01 -1 0.9076 4.01183E-03 27.0212 -115.10 33.00
-115.10 33.05 10 1 -90.0276 5.59308E-01 0 -63.5875 8.93754E+01 -1 -0.0249 2.78114E-01 27.0248 -115.10 33.05
-115.10 33.10 10 1 -91.8304 3.46568E-01 0 -38.1696 8.94152E+01 -1 -1.8275 4.71101E-01 27.0353 -115.10 33.10
-115.10 33.15 10 1 -93.4788 1.73887E-01 0 -18.1971 8.93156E+01 -1 -3.4768 6.61943E-01 27.0399 -115.10 33.15
-115.10 33.20 10 1 -95.6436 2.31145E-01 0 -19.2211 8.90154E+01 -1 -5.6397 9.57008E-01 27.0214 -115.10 33.20
-115.10 33.25 10 1 -97.715 3.17594E-01 0 -22.0363 8.87163E+01 -1 -7.7081 1.24383E+00 27.0018 -115.10 33.25
-115.10 33.30 10 1 -99.3596 4.73705E-01 0 -28.1014 8.85261E+01 -1 -9.348 1.39581E+00 26.959 -115.10 33.30
-115.10 33.35 10 1 -100.91 6.35417E-01 0 -34.9449 8.84400E+01 -1 -10.8945 1.42445E+00 26.9119 -115.10 33.35
-115.10 33.40 10 1 -101.928 5.94606E-01 0 -33.1306 8.83563E+01 -1 -11.9118 1.53229E+00 26.8597 -115.10 33.40
-115.10 33.45 10 1 -102.023 4.40203E-01 0 -26.2947 8.82149E+01 -1 -12.0098 1.72997E+00 26.7857 -115.10 33.45
-115.10 33.50 10 1 -101.82 2.77419E-01 0 -20.2335 8.81045E+01 -1 -11.8112 1.87500E+00 26.7048 -115.10 33.50
-115.10 33.55 10 1 -99.1765 2.48644E-02 0 -8.446 8.80511E+01 -1 -9.1774 1.94873E+00 26.6076 -115.10 33.55
-115.10 33.60 10 1 -94.3476 5.51212E-01 0 10.5404 8.78556E+01 -1 -4.3675 2.07230E+00 26.5042 -115.10 33.60
-115.10 33.65 10 1 -86.6539 1.59071E+00 0 44.6839 8.75925E+01 -1 3.2959 1.80673E+00 26.4317 -115.10 33.65
-115.10 33.70 10 1 -77.3176 2.61180E+00 0 -100.658 8.71558E+01 -1 12.631 1.12532E+00 26.4407 -115.10 33.70
-115.10 33.75 10 1 -69.5784 2.99171E+00 0 -79.8729 8.69594E+01 -1 20.3933 5.42388E-01 26.5029 -115.10 33.75
-115.10 33.80 10 1 -64.3975 2.83737E+00 0 -65.5192 8.71621E+01 -1 25.5997 5.54636E-02 26.5854 -115.10 33.80
-115.10 33.85 10 1 -61.3729 2.41626E+00 0 -54.4691 8.75661E+01 -1 28.6395 2.92207E-01 26.6627 -115.10 33.85
-115.10 33.90 10 1 -59.4214 1.95624E+00 0 -44.4404 8.79749E+01 -1 30.5965 5.23053E-01 26.7317 -115.10 33.90
-115.10 33.95 10 1 -58.6496 1.48299E+00 0 -35.352 8.83854E+01 -1 31.3669 6.38292E-01 26.7896 -115.10 33.95
-115.10 34.00 10 1 -58.123 1.12525E+00 0 -26.6476 8.86808E+01 -1 31.8905 6.88679E-01 26.8374 -115.10 34.00
-115.05 32.50 10 1 -59.586 5.76702E+00 0 -81.4133 8.37910E+01 -1 30.1823 2.29301E+00 26.9869 -115.05 32.50
-115.05 32.55 -2301 -2301 650 651
-115.05 32.60 10 1 -75.8804 2.14661E+00 0 -110.372 8.73962E+01 -1 14.0643 1.47313E+00 27.0545 -115.05 32.60
-115.05 32.65 10 1 -81.7546 1.63706E+00 0 -118.386 8.79604E+01 -1 8.2106 1.21633E+00 27.0702 -115.05 32.65
-115.05 32.70 -2301 -2301 654 654
-115.05 32.75 10 1 -86.9048 7.36224E-01 0 55 8.90564E+01 -1 3.0876 5.90051E-01 27.0636 -115.05 32.75
-115.05 32.80 10 1 -87.6207 4.94899E-01 0 36.1263 8.91091E+01 -1 2.3729 7.40684E-01 27.0481 -115.05 32.80
-115.05 32.85 10 1 -88.2925 4.16782E-01 0 28.0848 8.90618E+01 -1 1.7013 8.40350E-01 27.0293 -115.05 32.85
-115.05 32.90 10 1 -88.3447 5.33948E-01 0 45.118 8.92237E+01 -1 1.6501 5.63345E-01 27.025 -115.05 32.90
-115.05 32.95 10 1 -88.8137 6.90222E-01 0 -109.805 8.92609E+01 -1 1.1831 2.64804E-01 27.0206 -115.05 32.95
-115.05 33.00 10 1 -89.5809 7.47288E-01 0 -86.8787 8.92519E+01 -1 0.4196 3.52668E-02 27.0229 -115.05 33.00
-115.05 33.05 10 1 -90.177 6.31442E-01 0 -69.5735 8.93254E+01 -1 -0.1744 2.37372E-01 27.0241 -115.05 33.05
-115.05 33.10 10 1 -91.7134 4.34664E-01 0 -50.1859 8.94192E+01 -1 -1.7105 3.84911E-01 27.029 -115.05 33.10
-115.05 33.15 10 1 -93.2645 3.02308E-01 0 -35.177 8.94280E+01 -1 -3.2619 4.85431E-01 27.0297 -115.05 33.15
-115.05 33.20 10 1 -95.0638 3.45523E-01 0 -31.5893 8.92265E+01 -1 -5.0597 6.92208E-01 27.0124 -115.05 33.20
-115.05 33.25 10 1 -96.8573 4.53269E-01 0 -32.8857 8.89671E+01 -1 -6.8499 9.28061E-01 26.9898 -115.05 33.25
-115.05 33.30 10 1 -98.3309 5.28258E-01 0 -34.3935 8.87978E+01 -1 -8.321 1.07991E+00 26.9579 -115.05 33.30
-115.05 33.35 10 1 -99.5045 5.41959E-01 0 -35.1572 8.87484E+01 -1 -9.4939 1.12830E+00 26.9162 -115.05 33.35
-115.05 33.40 10 1 -100.557 5.08594E-01 0 -34.5706 8.87504E+01 -1 -10.5464 1.14137E+00 26.874 -115.05 33.40
-115.05 33.45 10 1 -100.56 3.74422E-01 0 -27.6353 8.87251E+01 -1 -10.5519 1.21873E+00 26.8102 -115.05 33.45
-115.05 33.50 10 1 -100.036 2.60398E-01 0 -21.4035 8.86791E+01 -1 -10.0299 1.29498E+00 26.7386 -115.05 33.50
-115.05 33.55 10 1 -98.7585 2.37401E-01 0 -18.5307 8.86016E+01 -1 -8.7528 1.37814E+00 26.6626 -115.05 33.55
-115.05 33.60 10 1 -94.6247 1.22891E-01 0 0.0701 8.84988E+01 -1 -4.6279 1.49603E+00 26.5762 -115.05 33.60
-115.05 33.65 10 1 -89.1493 8.25984E-01 0 29.0785 8.82542E+01 -1 0.8285 1.53807E+00 26.503 -115.05 33.65
-115.05 33.70 10 1 -81.5168 1.23846E+00 0 55 8.82815E+01 -1 8.4575 1.19118E+00 26.4901 -115.05 33.70
-115.05 33.75 10 1 -74.3143 1.77934E+00 0 -97.0748 8.80705E+01 -1 15.6625 7.46003E-01 26.5155 -115.05 33.75
-115.05 33.80 10 1 -68.7131 1.90143E+00 0 -74.784 8.80879E+01 -1 21.2802 2.02080E-01 26.5809 -115.05 33.80
-115.05 33.85 10 1 -64.7363 1.77402E+00 0 -58.0435 8.82138E+01 -1 25.2701 2.08038E-01 26.6482 -115.05 33.85
-115.05 33.90 10 1 -62.3026 1.49165E+00 0 -45.4248 8.84413E+01 -1 27.7092 4.52347E-01 26.7136 -115.05 33.90
-115.05 33.95 10 1 -60.8793 1.17776E+00 0 -34.5722 8.86863E+01 -1 29.1327 5.82080E-01 26.7698 -115.05 33.95
-115.05 34.00 10 1 -60.0601 9.29866E-01 0 -25.237 8.88674E+01 -1 29.9504 6.46687E-01 26.8196 -115.05 34.00
-115.00 32.50 10 1 -63.0271 4.25489E+00 0 -83.9186 8.54469E+01 -1 26.8525 1.61767E+00 26.9584 -115.00 32.50
-115.00 32.55 -2300 -2300 650 651
-115.00 32.60 10 1 -74.7328 1.73380E+00 0 -110.934 8.78519E+01 -1 15.2288 1.26802E+00 27.0467 -115.00 32.60
-115.00 32.65 10 1 -79.5994 1.20830E+00 0 -121.71 8.83714E+01 -1 10.3776 1.09172E+00 27.0621 -115.00 32.65
-115.00 32.70 -2300 -2300 654 654
-115.00 32.75 10 1 -85.2196 6.99470E-01 0 55 8.90542E+01 -1 4.7727 6.36728E-01 27.0641 -115.00 32.75
-115.00 32.80 10 1 -86.6131 6.40724E-01 0 55 8.91459E+01 -1 3.3806 5.64881E-01 27.0526 -115.00 32.80
-115.00 32.85 10 1 -87.5432 6.38928E-01 0 55 8.91687E+01 -1 2.4508 5.31857E-01 27.04 -115.00 32.85
-115.00 32.90 10 1 -88.2633 7.58709E-01 0 -110.839 8.91784E+01 -1 1.7325 3.15395E-01 27.0353 -115.00 32.90
-115.00 32.95 10 1 -88.9025 8.00837E-01 0 -97.5045 8.91901E+01 -1 1.0958 1.21124E-01 27.0281 -115.00 32.95
-115.00 33.00 10 1 -89.5298 7.14886E-01 0 -84.6243 8.92824E+01 -1 0.471 6.13513E-02 27.0267 -115.00 33.00
-115.00 33.05 10 1 -90.3086 6.06470E-01 0 -68.9963 8.93490E+01 -1 -0.3061 2.36587E-01 27.027 -115.00 33.05
-115.00 33.10 10 1 -91.6365 4.87325E-01 0 -56.5168 8.94042E+01 -1 -1.6336 3.42728E-01 27.0264 -115.00 33.10
-115.00 33.15 10 1 -93.126 4.16216E-01 0 -51.0256 8.94391E+01 -1 -3.1233 3.76073E-01 27.0215 -115.00 33.15
-115.00 33.20 10 1 -94.5787 4.25184E-01 0 -45.0568 8.93451E+01 -1 -4.575 4.98190E-01 27.0071 -115.00 33.20
-115.00 33.25 10 1 -96.0459 4.67633E-01 0 -39.6166 8.91544E+01 -1 -6.0402 7.04571E-01 26.9852 -115.00 33.25
-115.00 33.30 10 1 -97.4452 4.92741E-01 0 -36.8542 8.89967E+01 -1 -7.4377 8.74055E-01 26.9603 -115.00 33.30
-115.00 33.35 10 1 -98.3638 4.79531E-01 0 -36.6413 8.89878E+01 -1 -8.3564 8.91322E-01 26.92 -115.00 33.35
-115.00 33.40 10 1 -99.1385 4.16284E-01 0 -34.5394 8.90296E+01 -1 -9.1321 8.76562E-01 26.8792 -115.00 33.40
-115.00 33.45 10 1 -99.4205 3.44717E-01 0 -30.2303 8.90296E+01 -1 -9.415 9.06915E-01 26.8331 -115.00 33.45
-115.00 33.50 10 1 -98.7336 3.77085E-01 0 -28.3572 8.88774E+01 -1 -8.7267 1.05745E+00 26.7713 -115.00 33.50
-115.00 33.55 10 1 -97.5293 3.95978E-01 0 -27.7171 8.88526E+01 -1 -7.5218 1.07680E+00 26.7042 -115.00 33.55
-115.00 33.60 10 1 -94.7933 3.13490E-01 0 -21.2511 8.88936E+01 -1 -4.7875 1.06106E+00 26.6339 -115.00 33.60
-115.00 33.65 10 1 -90.35 8.92203E-02 0 -4.497 8.87665E+01 -1 -0.3481 1.23039E+00 26.5727 -115.00 33.65
-115.00 33.70 10 1 -84.5176 2.41163E-01 0 17.0597 8.87985E+01 -1 5.4775 1.17704E+00 26.5434 -115.00 33.70
-115.00 33.75 10 1 -78.093 7.56981E-01 0 55 8.89270E+01 -1 11.897 7.60455E-01 26.5479 -115.00 33.75
-115.00 33.80 10 1 -72.4185 1.03188E+00 0 -84.4498 8.89448E+01 -1 17.5775 2.19873E-01 26.5903 -115.00 33.80
-115.00 33.85 10 1 -68.1185 1.11070E+00 0 -60.0856 8.88783E+01 -1 21.8846 1.56709E-01 26.6415 -115.00 33.85
-115.00 33.90 10 1 -65.2357 9.81100E-01 0 -43.183 8.89415E+01 -1 24.7711 3.97351E-01 26.702 -115.00 33.90
-115.00 33.95 10 1 -63.2105 8.18083E-01 0 -29.715 8.90190E+01 -1 26.7973 5.41297E-01 26.7556 -115.00 33.95
-115.00 34.00 10 1 -62.1351 6.63748E-01 0 -19.5763 8.90989E+01 -1 27.8719 6.09394E-01 26.8043 -115.00 34.00
