     1    0.0000E+00    0.0000E+00   -5.9017E-11
     2    0.0000E+00    3.0223E-13   -4.0596E-11
     3    4.3394E-11    0.0000E+00   -3.9126E-11
     4    4.3149E-11    1.3352E-12   -8.3084E-12
     5    0.0000E+00    1.0749E-12   -4.7591E-12
     6    8.6569E-11    0.0000E+00   -3.7547E-11
     7    4.4040E-11    2.2126E-12    3.9881E-11
     8    8.3414E-11    3.3051E-12   -6.2593E-12
     9    6.9718E-11    8.7694E-12    5.0680E-11
    10    0.0000E+00    6.6699E-12    7.8786E-11
    11    1.3071E-10    0.0000E+00   -3.4721E-11
    12    1.8510E-11    1.9038E-11    1.1056E-10
    13    1.2284E-10    5.7542E-12    3.2149E-12
    14    5.8963E-11    2.9212E-11    9.8601E-11
    15    1.0251E-10    1.6354E-11    6.6491E-11
    16    0.0000E+00    9.5286E-12    6.7623E-11
    17    1.7865E-10    0.0000E+00   -2.9879E-11
    18    4.7738E-12    5.3534E-12    1.2878E-10
    19    1.6753E-10    8.1479E-12    1.7260E-11
    20    6.9457E-11    3.0412E-11    1.1422E-10
    21    2.5286E-11    9.4867E-12    1.1406E-10
    22    1.3962E-10    1.9782E-11    9.1002E-11
    23    0.0000E+00    1.4112E-12   -7.8256E-11
    24    4.8981E-11    3.2437E-11    1.3371E-10
    25    1.0807E-10    3.4859E-11    1.4406E-10
    26    2.3236E-10    0.0000E+00   -2.3862E-11
    27    9.3249E-12    1.3426E-11    1.7520E-11
    28    2.1820E-10    9.5723E-12    3.4118E-11
    29    7.4014E-12    4.3286E-11    5.5671E-11
    30    1.8320E-10    2.2102E-11    1.1516E-10
    31    5.3961E-11    5.5375E-11    1.8171E-10
    32    2.9898E-11    6.5969E-11    7.6265E-11
    33    1.3683E-10    3.8114E-11    1.7826E-10
    34    0.0000E+00    2.6344E-11   -5.3147E-08
    35    2.9297E-10    0.0000E+00   -1.7121E-11
    36   -1.5536E-10    4.3861E-11   -3.9373E-08
    37    2.7361E-10    1.0357E-11    5.2731E-11
    38   -3.0952E-10    6.1902E-11   -3.8201E-08
    39    2.2686E-10    2.4388E-11    1.4086E-10
    40    2.9409E-11    7.6458E-11    1.2578E-10
    41    9.2733E-11    6.9018E-11    2.1212E-10
    42   -4.5499E-10    7.3618E-11   -3.6264E-08
    43    1.7204E-10    4.3997E-11    2.1480E-10
    44    0.0000E+00    7.8291E-10   -2.7447E-07
    45    3.6075E-10    0.0000E+00   -1.0058E-11
    46   -6.3538E-10    1.5750E-09   -2.0534E-07
    47    5.7451E-11    8.5310E-11    1.7543E-10
    48    3.3487E-10    1.0333E-11    7.2864E-11
    49   -5.5017E-10    9.4677E-11   -3.3629E-08
    50    1.1405E-10    7.2481E-11    2.5268E-10
    51   -1.2990E-09    3.1472E-09   -2.0371E-07
    52    2.7435E-10    2.5456E-11    1.7235E-10
    53   -1.9315E-09    4.5985E-09   -2.0084E-07
    54    2.0666E-10    4.7371E-11    2.5422E-10
    55   -5.9136E-10    1.1073E-10   -3.0443E-08
    56    8.2194E-11    9.6110E-11    1.9299E-10
    57    0.0000E+00    1.0512E-09   -4.9197E-07
    58    4.3600E-10    0.0000E+00   -3.3500E-12
    59   -1.1304E-09    2.1629E-09   -3.6940E-07
    60   -2.5320E-09    5.8295E-09   -1.9650E-07
    61    1.3815E-10    7.2647E-11    2.9578E-10
    62    4.0323E-10    9.0228E-12    9.2536E-11
    63   -2.1832E-09    4.4874E-09   -3.6947E-07
    64    3.2760E-10    2.2856E-11    2.0353E-10
    65   -5.8141E-10    1.2103E-10   -2.6877E-08
    66   -3.1937E-09    7.0902E-09   -3.6955E-07
    67    2.4400E-10    4.3357E-11    2.9647E-10
    68   -3.0357E-09    6.7953E-09   -1.9063E-07
    69    1.0329E-10    1.0771E-10    2.4167E-10
    70   -4.2615E-09    1.0031E-08   -3.6947E-07
    71    1.6395E-10    7.1044E-11    3.4880E-10
    72    0.0000E+00    7.7323E-10   -6.0056E-07
    73    5.1783E-10    0.0000E+00    1.9670E-12
    74   -2.8741E-10    1.4956E-09   -4.5279E-07
    75    4.7718E-10    6.3967E-12    1.0787E-10
    76   -3.7419E-10    2.9271E-09   -4.5693E-07
    77   -3.4602E-09    7.4426E-09   -1.8305E-07
    78   -5.1015E-10    1.3075E-10   -2.3075E-08
    79    3.8562E-10    1.6550E-11    2.2781E-10
    80   -5.3051E-09    1.3320E-08   -3.6906E-07
    81    1.2524E-10    1.1187E-10    2.9328E-10
    82   -3.8621E-10    4.3685E-09   -4.6392E-07
    83    2.8663E-10    3.3074E-11    3.3191E-10
    84   -5.8865E-10    5.9449E-09   -4.7362E-07
    85    1.9128E-10    5.8416E-11    4.0103E-10
    86   -3.7283E-09    7.7420E-09   -1.7364E-07
    87    0.0000E+00   -1.8122E-09   -4.9510E-07
    88   -6.3778E-09    1.6920E-08   -3.6806E-07
    89   -4.4507E-10    1.4047E-10   -1.9198E-08
    90    6.0334E-10    0.0000E+00    5.1752E-12
    91    0.0000E+00   -1.7742E-09   -2.8700E-07
    92    7.2909E-10   -3.5466E-09   -3.3258E-07
    93    5.5398E-10    3.3712E-12    1.1619E-10
    94    1.1769E-09   -3.7273E-09   -1.9758E-07
    95    1.6658E-09   -6.8296E-09   -3.3721E-07
    96    4.4570E-10    8.4617E-12    2.4117E-10
    97    2.3040E-09   -7.0087E-09   -1.9307E-07
    98   -7.0120E-10    7.7508E-09   -4.8604E-07
    99    1.5791E-10    1.0471E-10    3.5506E-10
   100    2.6788E-09   -9.7489E-09   -3.4527E-07
   101    3.3157E-10    1.7015E-11    3.5313E-10
   102    3.4536E-09   -9.6373E-09   -1.8728E-07
   103   -7.3425E-09    2.0800E-08   -3.6618E-07
   104   -3.9349E-09    7.6851E-09   -1.6218E-07
   105    3.4330E-09   -1.2318E-08   -3.5599E-07
   106    2.2832E-10    3.7273E-11    4.4239E-10
   107    4.0841E-09   -1.2393E-08   -1.7947E-07
   108   -9.9399E-10    9.8528E-09   -5.0124E-07
   109   -2.7404E-10    1.5472E-10   -1.5453E-08
   110    6.8913E-10    0.0000E+00    6.4599E-12
   111    6.3045E-10    1.1351E-12    1.1725E-10
   112    0.0000E+00   -3.3000E-12   -1.8416E-07
   113    6.3805E-10    1.8977E-10   -1.4187E-07
   114    4.3692E-09   -1.4610E-08   -3.6937E-07
   115    1.8050E-10    7.5683E-11    4.2614E-10
   116    5.0458E-10    2.4230E-13    2.4093E-10
   117    5.4177E-09   -1.4649E-08   -1.6924E-07
   118    1.1530E-09    3.0549E-10   -1.3878E-07
   119   -8.3477E-09    2.4847E-08   -3.6280E-07
   120   -1.2146E-09    1.2383E-08   -5.1925E-07
   121   -3.8455E-09    7.2837E-09   -1.4882E-07
   122    3.7760E-10   -1.5628E-12    3.5754E-10
   123    1.5776E-09    2.7305E-10   -1.3485E-07
   124    5.1007E-09   -1.6620E-08   -3.8545E-07
   125   -2.3888E-10    1.7097E-10   -1.1974E-08
   126    5.6097E-09   -1.6214E-08   -1.5804E-07
   127    2.6618E-10    2.8921E-12    4.6028E-10
   128    2.1508E-09    5.8650E-10   -1.2916E-07
   129    7.7251E-10    0.0000E+00    6.6879E-12
   130   -1.6799E-09    1.5536E-08   -5.3994E-07
   131   -9.1150E-09    2.8886E-08   -3.5771E-07
   132    7.0421E-10   -2.0045E-13    1.1231E-10
   133    2.3610E-10    3.5006E-11    5.0310E-10
   134    5.5970E-10   -6.7120E-12    2.2982E-10
   135    2.5324E-09    7.3077E-10   -1.2236E-07
   136    5.9362E-09   -1.8369E-08   -4.0437E-07
   137   -3.8417E-09    6.5758E-09   -1.3336E-07
   138    6.9191E-09   -1.7619E-08   -1.4604E-07
   139    0.0000E+00    4.8889E-11   -1.8130E-10
   140    6.3722E-11    4.2129E-11   -1.8692E-10
   141    4.2025E-10   -1.8977E-11    3.4022E-10
   142    2.4205E-12    1.1176E-10   -3.0115E-10
   143    1.9542E-11    1.0915E-10   -8.9197E-09
   144   -1.6230E-10    1.8552E-10   -3.8190E-10
   145    2.9332E-09    5.1429E-10   -1.1450E-07
   146    3.1022E-10   -3.7155E-11    4.5685E-10
   147   -2.1691E-09    1.9451E-08   -5.6314E-07
   148    6.4943E-09   -1.9780E-08   -4.2616E-07
   149   -9.6983E-09    3.2635E-08   -3.5000E-07
   150    7.0699E-09   -1.8860E-08   -1.3321E-07
   151    1.0842E-10    1.1990E-10   -4.6748E-10
   152    2.6782E-10   -3.7497E-11    5.1667E-10
   153    8.5217E-10    0.0000E+00    6.1928E-12
   154   -3.3715E-09    5.9051E-09   -1.1633E-07
   155    7.7507E-10   -2.1631E-12    1.0356E-10
   156    3.2906E-09    3.0031E-10   -1.0583E-07
   157    6.1211E-10   -1.3206E-11    2.1221E-10
   158   -2.2123E-10    9.0612E-11   -8.8488E-10
   159    0.0000E+00    7.4023E-12   -3.4606E-10
   160    4.5511E-10   -3.4135E-11    3.1484E-10
   161    1.8693E-11    3.6126E-11   -3.5081E-10
   162   -1.8582E-11    1.1123E-11   -6.1195E-09
   163    6.9366E-09   -2.0943E-08   -4.5068E-07
   164   -2.4506E-09    2.4457E-08   -5.8926E-07
   165    7.8446E-09   -1.9829E-08   -1.1902E-07
   166    6.6513E-12    6.9764E-11   -3.3965E-10
   167   -1.0472E-08    3.5688E-08   -3.3937E-07
   168    3.4091E-10   -6.4700E-11    4.1560E-10
   169    1.6097E-10    2.6829E-10   -1.0130E-09
   170   -9.0471E-12    8.9009E-11   -3.8644E-10
   171    3.6340E-09    3.2244E-10   -9.6663E-08
   172   -3.3182E-09    5.0891E-09   -9.7845E-08
   173   -1.1854E-11    1.2976E-10   -4.5428E-10
   174    3.2044E-10   -1.2469E-10    4.9747E-10
   175    9.2772E-10    0.0000E+00    3.8051E-12
   176    8.4450E-10   -7.2522E-12    9.0181E-11
   177   -2.3943E-10    4.4022E-10   -1.2021E-09
   178    7.4860E-09   -2.1659E-08   -4.8017E-07
   179    6.6843E-10   -2.3784E-11    1.9146E-10
   180    8.3448E-09   -2.0328E-08   -1.0551E-07
   181   -3.9350E-09    3.1374E-08   -6.1787E-07
   182   -4.6830E-11    1.4963E-10   -4.6507E-10
   183    3.8148E-09    4.9816E-10   -8.6296E-08
   184    2.6369E-10   -1.4899E-10   -3.8758E-09
   185    4.9272E-10   -4.9514E-11    2.9457E-10
   186   -1.1510E-08    3.7760E-08   -3.2428E-07
   187    0.0000E+00    1.3452E-11   -3.2245E-10
   188    1.2715E-11    2.0221E-11   -3.1507E-10
   189    3.5046E-10   -8.7920E-11    3.8588E-10
   190    1.9505E-11    3.9269E-11   -3.2995E-10
   191    1.5624E-10    3.8269E-10   -1.3374E-09
   192    3.3920E-11    1.0967E-10   -4.7604E-10
   193    2.0847E-11    5.7813E-11   -3.5391E-10
   194   -2.6328E-09    4.1185E-09   -7.8752E-08
   195    6.5699E-09   -2.1912E-08   -5.1518E-07
   196    2.9868E-10   -1.4624E-10    4.2534E-10
   197    8.6670E-09   -2.0351E-08   -9.3540E-08
   198    4.1929E-09    3.4815E-10   -7.6927E-08
   199    1.1468E-11    5.5089E-11   -4.0049E-10
   200   -6.0133E-09    4.0931E-08   -6.4740E-07
   201    9.9737E-10    0.0000E+00   -3.4725E-12
   202    9.1330E-10   -1.7412E-11    6.6259E-11
   203   -7.3750E-11    5.2268E-11   -6.5575E-10
   204    7.3440E-10   -4.1769E-11    1.6244E-10
   205   -8.3910E-11    2.2691E-10   -1.1052E-09
   206    8.6212E-11   -3.7927E-10   -1.9924E-09
   207   -1.2304E-08    3.8097E-08   -3.0259E-07
   208    3.0131E-11    2.9963E-11   -4.7492E-10
   209    5.5859E-10   -7.4609E-11    2.6796E-10
   210    4.0275E-10   -1.2042E-10    3.9880E-10
   211    0.0000E+00    4.5542E-12   -2.1123E-10
   212    4.6899E-11    8.0865E-11   -9.0005E-10
   213    1.7302E-11    9.9625E-12   -2.2775E-10
   214    4.6864E-09   -2.0966E-08   -5.5588E-07
   215    8.6787E-09   -1.9901E-08   -8.2153E-08
   216    3.9905E-11   -9.1575E-13   -5.5009E-10
   217    4.3699E-09   -9.7675E-11   -6.8684E-08
   218   -1.7783E-09    3.0040E-09   -5.9970E-08
   219    3.2970E-11    1.6144E-11   -2.3597E-10
   220   -4.3887E-11   -1.3200E-11   -1.7739E-09
   221   -9.5256E-09    5.2607E-08   -6.7437E-07
   222    2.6906E-10   -1.7499E-10    3.7706E-10
   223    4.3144E-11    1.1300E-11   -2.5898E-10
   224    1.0559E-09    0.0000E+00   -1.9401E-11
   225    9.7727E-10   -3.1687E-11    2.4678E-11
   226    3.4208E-11   -2.7621E-11   -6.3116E-10
   227    6.0930E-11   -7.3265E-12   -2.9480E-10
   228    5.6878E-11    1.9554E-10   -9.2949E-10
   229   -1.0924E-08    3.6071E-08   -2.7455E-07
   230    8.0792E-10   -6.5027E-11    1.0785E-10
   231    1.4451E-10   -4.1806E-10   -4.6667E-10
   232    6.5262E-10   -1.0934E-10    2.0973E-10
   233    7.6551E-11   -4.4451E-11   -3.3795E-10
   234    4.5568E-09   -5.1360E-10   -6.0854E-08
   235    1.3127E-10   -1.8991E-08   -5.9692E-07
   236    8.8718E-09   -1.8267E-08   -6.6275E-08
   237    3.1861E-10   -6.1390E-10   -3.8367E-09
   238    5.4439E-10   -1.6519E-10    3.4490E-10
   239    3.9097E-11   -8.5205E-11   -7.0709E-10
   240   -5.3121E-10    1.6437E-09   -4.1804E-08
   241   -9.9863E-09    6.4930E-08   -6.9839E-07
   242    0.0000E+00    1.6974E-12   -4.1423E-08
   243    9.6100E-11   -1.0032E-10   -3.8921E-10
   244   -1.2682E-10   -6.0565E-11   -1.3015E-09
   245    0.0000E+00    2.7943E-11   -4.6106E-08
   246    1.9806E-11    2.0420E-12   -2.8648E-08
   247    8.5292E-12    5.6529E-11   -3.0802E-08
   248    5.0853E-10   -2.7841E-10    3.3238E-10
   249    3.9962E-11   -1.2677E-12   -2.8652E-08
   250    1.8152E-11    1.1227E-10   -3.0800E-08
   251    5.7099E-11   -1.4959E-11   -2.8655E-08
   252    2.1782E-11    1.6677E-10   -3.0800E-08
   253   -7.6651E-09    3.1933E-08   -2.3947E-07
   254    1.0951E-09    0.0000E+00   -4.5703E-11
   255    8.7188E-11   -2.0530E-10   -8.5099E-10
   256    1.0251E-09   -4.6419E-11   -3.9220E-11
   257    9.9262E-11   -1.8501E-10   -4.6557E-10
   258    5.1811E-10   -2.6728E-10    2.5772E-10
   259    4.7253E-09   -8.7937E-10   -5.0908E-08
   260    8.7425E-10   -8.5483E-11    1.7899E-11
   261    8.0760E-11   -4.6529E-11   -2.8662E-08
   262    8.0994E-10   -1.5818E-09   -6.1548E-09
   263    3.0527E-11    2.1883E-10   -3.0797E-08
   264   -1.5233E-09   -1.6260E-08   -6.4138E-07
   265    7.2017E-09   -1.6589E-08   -4.8984E-08
   266    7.4788E-10   -1.3639E-10    9.0401E-11
   267    5.7127E-10   -1.0273E-09   -2.7191E-09
   268    9.5892E-11   -9.8507E-11   -2.8669E-08
   269    2.6360E-11    2.6784E-10   -3.0793E-08
   270    6.9681E-10    5.6559E-10   -2.6853E-08
   271    6.7545E-10   -2.0189E-10    1.5923E-10
   272    1.3462E-10   -2.9238E-10   -5.5038E-10
   273   -8.9505E-09    7.6830E-08   -7.1922E-07
   274   -3.9611E-11   -2.5441E-10   -1.0462E-09
   275    0.0000E+00    2.5614E-11   -1.5056E-10
   276    1.2240E-10   -1.7750E-10   -2.8679E-08
   277    1.1164E-11    5.0473E-11   -1.6617E-10
   278    5.8978E-10   -3.2625E-10    1.7244E-10
   279    3.3042E-11    3.1165E-10   -3.0781E-08
   280    2.2373E-11    1.0009E-10   -1.7440E-10
   281    1.1048E-09   -1.7999E-09   -6.6086E-09
   282    3.5607E-09   -1.9781E-10   -3.8297E-08
   283   -3.3561E-09    2.6375E-08   -1.9920E-07
   284    2.9831E-11    1.4764E-10   -1.8724E-10
   285    1.3119E-09   -2.3926E-09   -4.9643E-09
   286    1.1876E-10   -3.9305E-10   -6.7731E-10
   287    1.1032E-09    0.0000E+00   -8.1265E-11
   288   -3.6785E-09   -1.0192E-08   -6.9397E-07
   289    5.8601E-10   -2.5200E-10    2.3009E-10
   290    1.0432E-09   -5.6609E-11   -1.2267E-10
   291    7.9676E-09   -1.5322E-08   -3.3023E-08
   292    1.3365E-10   -2.8017E-10   -2.8681E-08
   293    1.8856E-11    3.4902E-10   -3.0757E-08
   294    9.1046E-10   -9.5206E-11   -1.1228E-10
   295    3.8549E-11    1.9213E-10   -2.0565E-10
   296    3.7233E-10   -1.0973E-09   -2.0463E-09
   297    8.0891E-10   -1.3186E-10   -7.8414E-11
   298   -6.7940E-09    8.8637E-08   -7.3555E-07
   299    3.9506E-11    2.3161E-10   -2.2736E-10
   300    1.2965E-09   -2.8539E-11   -1.5436E-08
   301    7.1319E-10   -2.2034E-10   -5.2092E-11
   302    1.7993E-10   -4.1288E-10   -2.8684E-08
   303    1.4524E-10   -5.3768E-10   -6.6678E-10
   304    1.2555E-11    3.7681E-10   -3.0726E-08
   305    4.3103E-10   -6.5334E-10   -3.2930E-09
   306    1.8827E-09   -3.2700E-09   -5.7204E-09
   307    4.3991E-11    2.6455E-10   -2.5170E-10
   308    3.5850E-09    8.1913E-10   -2.6817E-08
   309    0.0000E+00    2.1307E-11   -2.0926E-10
   310    6.4162E-10   -2.3999E-10    2.4899E-11
   311    1.5896E-11    4.2538E-11   -2.0459E-10
   312    1.4798E-09   -2.9130E-09   -3.6928E-09
   313    1.1758E-09    1.9196E-08   -1.5279E-07
   314    3.0781E-11    8.3970E-11   -2.1520E-10
   315   -5.9569E-09    8.8059E-09   -7.5418E-07
   316    6.6053E-09   -1.4023E-08   -2.3029E-08
   317    4.4169E-11    1.2315E-10   -2.3281E-10
   318    1.4283E-10   -5.8316E-10   -2.8650E-08
   319   -6.2147E-12    3.8866E-10   -3.0643E-08
   320    7.7742E-10   -4.1926E-10    1.8235E-10
   321    1.0691E-09    0.0000E+00   -1.2115E-10
   322    3.4645E-11    2.8924E-10   -2.7592E-10
   323    1.0068E-09   -5.6019E-11   -2.1156E-10
   324    1.3793E-11   -1.0109E-09   -1.1068E-09
   325    5.4768E-11    1.5868E-10   -2.5595E-10
   326    9.0421E-10   -9.6657E-11   -2.5305E-10
   327   -6.0326E-09    9.8812E-08   -7.3565E-07
   328    8.6021E-10   -1.3824E-10   -3.7025E-10
   329    1.9270E-09   -4.1856E-10   -7.9013E-09
   330    1.4091E-09   -2.6243E-09   -4.1379E-09
   331    6.2662E-11    1.8925E-10   -2.8362E-10
   332   -7.2662E-10    2.7125E-11   -7.5967E-10
   333    2.6991E-11    3.0286E-10   -2.9419E-10
   334    8.6252E-10   -1.8380E-10   -4.4943E-10
   335    2.5661E-10   -7.2663E-10   -2.8744E-08
   336    2.2126E-09   -4.5579E-09   -4.8975E-09
   337   -8.9591E-11    3.8488E-10   -3.0624E-08
   338    3.0238E-09    3.1794E-11   -1.9669E-08
   339    6.5660E-11    2.1369E-10   -3.1267E-10
   340    1.1515E-09   -3.0098E-09   -2.1705E-09
   341    7.4454E-10   -3.2867E-10   -6.5968E-10
   342    0.0000E+00    1.7425E-11   -2.2134E-10
   343    5.6284E-09    1.1424E-08   -1.0175E-07
   344    1.9239E-11    3.4522E-11   -2.0495E-10
   345   -1.2382E-08    7.1740E-08   -8.1528E-07
   346    8.0536E-09   -1.5284E-08   -2.7751E-08
   347    3.7584E-11    6.7950E-11   -2.1692E-10
   348    3.9717E-13    3.1045E-10   -3.1203E-10
   349    5.4186E-11    9.9162E-11   -2.3599E-10
   350    7.8829E-10   -3.4804E-10   -5.5544E-10
   351    6.2642E-11    2.3101E-10   -3.4014E-10
   352   -1.2341E-10   -9.6563E-10   -2.8500E-08
   353   -3.0620E-11    3.2794E-10   -3.0336E-08
   354    9.9619E-10    0.0000E+00   -1.5592E-10
   355    9.1335E-10   -4.2605E-11   -2.9249E-10
   356   -3.0530E-10   -1.0227E-09   -2.2713E-09
   357    6.8119E-11    1.2709E-10   -2.6107E-10
   358    7.5462E-10   -9.1761E-11   -3.8507E-10
   359    2.5275E-09   -5.0253E-09   -4.7127E-09
   360   -1.2808E-08    9.6305E-08   -6.7493E-07
   361   -3.8874E-10   -2.8444E-10   -4.8219E-10
   362    6.6037E-10   -1.5695E-10   -6.0799E-10
   363    2.1103E-09   -9.6972E-10   -4.3633E-09
   364    2.6848E-09   -6.0628E-09   -3.9545E-09
   365    7.8389E-11    1.5079E-10   -2.8999E-10
   366   -5.8044E-11    2.9638E-10   -3.0503E-10
   367    4.2175E-09   -5.1868E-09   -1.9169E-08
   368    5.0530E-11    2.4288E-10   -3.6309E-10
   369    5.8432E-10   -1.6946E-10   -1.0541E-09
   370    7.9408E-10   -3.6181E-09   -2.8503E-08
   371   -5.0515E-10    2.8627E-10   -3.0366E-08
   372    8.3328E-11    1.6961E-10   -3.2043E-10
   373   -3.3859E-08    2.2475E-07   -8.2108E-07
   374    1.3224E-08   -1.9926E-08   -4.2434E-08
   375    1.8585E-08    5.9735E-09   -5.8700E-08
   376    6.6829E-10   -3.5049E-10   -1.3179E-09
   377    0.0000E+00    1.3466E-11   -2.1639E-10
   378    2.0870E-11    2.6710E-11   -1.9132E-10
   379    2.0072E-11    2.4860E-10   -3.7792E-10
   380    4.0905E-11    5.2484E-11   -2.0405E-10
   381    1.0257E-09   -3.3386E-09   -3.6404E-09
   382   -8.7532E-11    3.1976E-10   -2.9911E-10
   383   -3.1451E-10   -2.6547E-10   -9.6935E-10
   384    8.9938E-10   -2.7648E-10   -1.7592E-09
   385    8.1144E-11    1.8391E-10   -3.4964E-10
   386    5.9212E-11    7.6424E-11   -2.2440E-10
   387    3.6619E-09   -7.8455E-09   -4.6584E-09
   388    6.1831E-10   -4.1891E-09   -3.0772E-09
   389    8.9679E-10    0.0000E+00   -1.7793E-10
   390   -2.2539E-08    6.9849E-08   -5.1614E-07
   391    7.9786E-10   -2.2788E-11   -3.5480E-10
   392    7.4854E-11    9.7740E-11   -2.5092E-10
   393    5.6491E-10   -7.0691E-11   -4.6734E-10
   394    3.0956E-09   -7.6201E-09   -3.0228E-08
   395   -5.3680E-10    3.9916E-10   -3.1005E-08
   396    1.0118E-08   -1.5766E-08   -2.5503E-08
   397   -2.4490E-11    2.6466E-10   -3.9331E-10
   398    1.1324E-09   -1.0852E-09   -3.0784E-09
   399    3.5149E-10   -1.2275E-10   -6.2479E-10
   400    6.7582E-11    1.9441E-10   -3.7602E-10
   401    8.6588E-11    1.1586E-10   -2.8182E-10
   402   -4.1178E-10    4.0921E-10   -4.1620E-10
   403    3.1348E-10   -2.6622E-10   -9.6228E-10
   404   -7.9009E-08    4.1979E-07   -6.5498E-07
   405    1.8334E-08   -2.5362E-08   -4.5908E-08
   406    9.2968E-11    1.3067E-10   -3.1493E-10
   407    2.1575E-08    2.8293E-09   -3.4160E-08
   408   -1.6587E-10   -1.2613E-09   -2.4016E-09
   409    4.1043E-10   -9.6104E-11   -1.2846E-09
   410    3.0259E-09   -6.4506E-09   -4.4052E-09
   411    5.9046E-10   -2.6778E-09   -1.8270E-09
   412    4.0246E-11    2.0524E-10   -4.0223E-10
   413    0.0000E+00    9.7692E-12   -2.0084E-10
   414   -1.2634E-10    2.9227E-10   -4.3684E-10
   415    2.0585E-11    1.9353E-11   -1.6917E-10
   416    4.1592E-09   -9.5759E-09   -3.1147E-08
   417    6.2657E-09   -1.4714E-08   -8.4815E-09
   418    4.0444E-11    3.8004E-11   -1.8229E-10
   419   -1.8450E-10    7.0434E-10   -3.0961E-08
   420    9.1762E-11    1.4246E-10   -3.4863E-10
   421    6.7045E-10   -3.9709E-10   -2.3701E-09
   422    5.8808E-11    5.5313E-11   -2.0328E-10
   423   -1.7791E-08    4.3257E-08   -2.9592E-07
   424   -4.3174E-10    4.1453E-10   -6.5641E-10
   425    7.8623E-10    0.0000E+00   -1.8629E-10
   426    1.6440E-08   -2.4643E-08   -2.6787E-08
   427    6.8359E-10   -4.8206E-12   -3.8869E-10
   428    7.4773E-11    7.0773E-11   -2.3086E-10
   429   -9.0344E-12    2.1648E-10   -4.3871E-10
   430    4.7342E-10   -3.2723E-11   -4.9474E-10
   431    9.9518E-10   -2.7003E-10   -3.1805E-09
   432    8.0759E-11    1.5235E-10   -3.8287E-10
   433   -2.4326E-10    2.9262E-10   -5.8275E-10
   434    2.9246E-10   -9.1318E-11   -6.7186E-10
   435    8.7271E-11    8.4112E-11   -2.6344E-10
   436   -1.4223E-10   -1.1098E-09   -1.8628E-09
   437    5.1695E-10   -2.6645E-09   -3.1182E-09
   438   -7.7929E-08    4.5022E-07   -3.4151E-07
   439    1.1440E-10   -1.6153E-10   -6.9685E-10
   440    1.6613E-08   -2.5626E-08   -3.2004E-08
   441    4.1798E-09   -1.0446E-08   -3.5380E-09
   442    4.0661E-09   -8.3601E-09   -3.1125E-08
   443   -1.0767E-10    1.1632E-09   -2.9918E-08
   444    2.6906E-09    7.3108E-10   -1.6156E-08
   445    9.4927E-11    9.5322E-11   -2.9942E-10
   446   -7.6101E-11    2.1949E-10   -5.1258E-10
   447    5.7211E-11    1.6054E-10   -4.2077E-10
   448   -1.6664E-10    3.0591E-10   -7.9206E-10
   449   -6.5668E-11   -1.4868E-10   -1.0709E-09
   450    1.3261E-08   -2.4985E-08   -1.1177E-08
   451    0.0000E+00    6.3908E-12   -1.8091E-10
   452    1.7997E-11    1.2669E-11   -1.4417E-10
   453   -2.4328E-10    2.3000E-10   -7.7971E-10
   454    3.5519E-11    2.4882E-11   -1.5705E-10
   455    9.6223E-11    1.0472E-10   -3.3774E-10
   456   -3.8379E-10   -2.3461E-10   -1.8571E-09
   457   -1.3951E-08    2.8246E-08   -1.0919E-07
   458    5.2032E-11    3.6243E-11   -1.7775E-10
   459    1.5245E-08   -2.3916E-08   -1.7814E-08
   460    2.1247E-11    1.6491E-10   -4.7045E-10
   461    6.7344E-10    0.0000E+00   -1.8435E-10
   462    5.7924E-10    1.0052E-11   -3.9365E-10
   463    6.6897E-11    4.6479E-11   -2.0519E-10
   464   -6.7132E-10   -6.3340E-10   -2.4427E-09
   465   -1.2284E-10    1.9693E-10   -6.1805E-10
   466    1.9065E-09   -5.9883E-09   -2.1743E-09
   467   -3.8011E-10    1.9759E-10   -2.4932E-09
   468    3.8278E-10   -2.8272E-12   -5.2517E-10
   469    9.9255E-10   -5.4779E-09   -2.8357E-08
   470    8.9604E-11    1.1248E-10   -3.7853E-10
   471   -2.8083E-10    3.2626E-09   -2.6663E-08
   472   -3.5350E-11    7.1685E-11   -5.4537E-10
   473    1.8313E-10   -4.6209E-11   -6.4768E-10
   474    1.0220E-08   -2.1142E-08   -5.4826E-09
   475    7.9312E-11    5.5478E-11   -2.3812E-10
   476   -3.2508E-08    2.6247E-07   -1.1484E-07
   477    8.0100E-09   -1.8215E-08   -2.0300E-08
   478   -1.2456E-10    8.5048E-11   -7.9944E-10
   479    1.0651E-11   -1.5828E-11   -7.8057E-10
   480   -1.0036E-09   -9.6251E-12   -6.0512E-09
   481   -1.7793E-11    1.5894E-10   -5.3404E-10
   482    1.3388E-08   -2.5370E-08   -8.7782E-09
   483    8.8341E-11    6.3317E-11   -2.7530E-10
   484    7.4415E-11    1.1810E-10   -4.2362E-10
   485   -1.7832E-10   -1.8398E-10   -9.1212E-10
   486   -1.2698E-10    1.3336E-10   -6.9627E-10
   487    0.0000E+00    3.5133E-12   -1.6373E-10
   488    1.2810E-11    6.9572E-12   -1.2282E-10
   489    9.2993E-11    7.0112E-11   -3.1587E-10
   490    2.5544E-11    1.3670E-11   -1.3443E-10
   491    7.2555E-09   -1.4333E-08   -7.9682E-09
   492   -9.8567E-09    1.2480E-08   -2.2654E-08
   493   -3.6829E-10   -6.6676E-11   -1.1383E-09
   494    1.1870E-09   -4.4616E-09   -3.3766E-09
   495   -6.7625E-10   -4.2754E-09   -2.3716E-08
   496   -5.4995E-09    1.5474E-08   -2.2955E-08
   497   -4.8451E-10    1.0227E-10   -7.5784E-10
   498    3.8071E-11    1.9944E-11   -1.5318E-10
   499    7.2569E-09   -1.6476E-08   -4.5933E-09
   500    5.2612E-11    1.1943E-10   -4.7424E-10
   501   -4.8621E-11    1.3511E-10   -6.0040E-10
   502   -9.1310E-11    4.5422E-11   -6.3459E-10
   503    5.6403E-10    0.0000E+00   -1.7290E-10
   504    5.0159E-11    2.5671E-11   -1.7826E-10
   505    4.8250E-10    1.9179E-11   -3.8598E-10
   506    1.3407E-08   -2.6474E-08   -6.2906E-09
   507   -6.0361E-10    7.3805E-11   -1.1510E-09
   508    9.2549E-11    7.5837E-11   -3.5957E-10
   509    3.0426E-10    1.6263E-11   -5.1640E-10
   510   -1.1588E-10    7.4532E-11   -6.8743E-10
   511   -1.7851E-08    8.0149E-08   -3.7542E-08
   512    1.3846E-09   -8.6073E-09   -1.9232E-08
   513    1.3495E-10    1.0693E-11   -6.2818E-10
   514    6.1452E-11    3.0858E-11   -2.0869E-10
   515    7.2771E-09   -1.6421E-08   -4.5328E-09
   516    2.8306E-11    1.1325E-10   -5.2832E-10
   517   -1.5878E-11   -1.6907E-11   -7.0156E-10
   518   -1.1316E-09    5.0070E-11   -1.6071E-09
   519    8.7082E-11    7.9908E-11   -4.0629E-10
   520    7.1502E-11    3.5587E-11   -2.4355E-10
   521   -6.8812E-11    9.8411E-11   -6.4265E-10
   522   -1.5325E-10   -2.7569E-11   -7.7628E-10
   523    1.4160E-09   -8.7200E-09   -1.9292E-08
   524   -3.5671E-09    2.7310E-09   -4.3607E-09
   525   -1.7982E-08    8.0339E-08   -3.7526E-08
   526    7.2186E-09   -1.4322E-08   -7.9604E-09
   527   -6.5721E-10    8.4332E-11   -6.9240E-10
   528    1.1916E-09   -4.3807E-09   -3.3526E-09
   529    1.3565E-08   -2.5531E-08   -8.7857E-09
   530    0.0000E+00    1.3255E-12   -1.5774E-10
   531    7.9875E-11    3.9959E-11   -2.8205E-10
   532    3.9866E-12    2.6300E-12   -1.1259E-10
   533   -3.5467E-09    2.6437E-09   -4.2952E-09
   534   -3.0797E-10   -4.0806E-11   -8.0830E-10
   535   -2.3946E-10    4.3595E-11   -6.4350E-10
   536    8.5115E-12    5.1696E-12   -1.2140E-10
   537    5.0403E-12    9.8136E-11   -5.7680E-10
   538    7.7734E-11    8.1172E-11   -4.5520E-10
   539    1.4059E-11    7.5599E-12   -1.3570E-10
   540    1.0184E-08   -2.1136E-08   -5.5373E-09
   541   -1.1200E-10    5.8835E-11   -6.5544E-10
   542    8.6342E-11    4.3924E-11   -3.2358E-10
   543    2.0999E-11    9.8023E-12   -1.5492E-10
   544   -5.1123E-10    5.7364E-11   -8.2562E-10
   545    4.6118E-10    0.0000E+00   -1.5879E-10
   546    3.9522E-10    2.1455E-11   -3.6483E-10
   547   -5.5882E-09    1.5446E-08   -2.2980E-08
   548    2.5179E-10    2.9745E-11   -4.9566E-10
   549   -6.8101E-10   -4.3429E-09   -2.3899E-08
   550    1.9579E-09   -6.0776E-09   -2.1902E-09
   551    2.9591E-11    1.1958E-11   -1.7846E-10
   552    1.1323E-10    2.8032E-11   -5.9111E-10
   553    6.6228E-11    7.8404E-11   -5.0311E-10
   554   -9.8285E-09    1.2401E-08   -2.2822E-08
   555   -1.2241E-09    2.6085E-11   -1.5523E-09
   556    8.0099E-09   -1.8125E-08   -2.0244E-08
   557   -2.1459E-11    7.5428E-11   -6.1210E-10
   558   -3.2594E-08    2.6251E-07   -1.1524E-07
   559   -6.5164E-10    8.2829E-11   -7.1955E-10
   560   -3.4119E-12    2.1278E-11   -6.5104E-10
   561    9.1066E-11    4.7226E-11   -3.6738E-10
   562    1.5228E-08   -2.3815E-08   -1.7666E-08
   563   -5.1470E-10    5.8137E-11   -8.4038E-10
   564    3.9975E-11    1.4136E-11   -2.0568E-10
   565    1.3218E-08   -2.4912E-08   -1.1113E-08
   566   -1.0911E-10    1.5004E-11   -6.8062E-10
   567   -2.0744E-10    2.5185E-11   -6.9723E-10
   568   -6.9126E-10   -6.1538E-10   -2.4730E-09
   569   -5.4631E-10    1.3393E-10   -8.5235E-10
   570    5.2266E-11    1.6434E-11   -2.3604E-10
   571    5.2997E-11    7.1017E-11   -5.4576E-10
   572    0.0000E+00    1.9210E-13   -1.6639E-10
   573   -8.6390E-12    3.7851E-13   -1.1841E-10
   574    9.4598E-11    4.9411E-11   -4.1201E-10
   575   -2.0163E-10    2.2515E-11   -7.0013E-10
   576    4.1867E-09   -1.0396E-08   -3.4813E-09
   577   -1.5955E-11    7.4050E-13   -1.2293E-10
   578   -6.1555E-11    4.9237E-11   -6.4091E-10
   579   -2.0701E-11    1.0882E-12   -1.3026E-10
   580    6.6608E-11    1.8898E-11   -2.6899E-10
   581   -8.5819E-10    7.5979E-11   -6.3569E-09
   582   -1.4173E-08    2.8226E-08   -1.0915E-07
   583   -2.3165E-10    4.2325E-11   -6.4468E-10
   584   -2.1738E-11    1.4533E-12   -1.4017E-10
   585   -3.9937E-10    3.2539E-09   -2.6708E-08
   586    3.6694E-10    0.0000E+00   -1.4430E-10
   587   -6.7543E-10    7.7505E-11   -1.0514E-09
   588    1.1704E-09   -5.5817E-09   -2.8295E-08
   589    3.1942E-10    2.0274E-11   -3.3944E-10
   590    1.6360E-08   -2.5526E-08   -3.1829E-08
   591   -7.7771E-08    4.5003E-07   -3.4147E-07
   592   -1.3319E-10   -1.1040E-09   -1.7555E-09
   593    2.1228E-10    3.2215E-11   -4.6844E-10
   594    9.7451E-11    5.0053E-11   -4.5527E-10
   595    1.6479E-08   -2.4639E-08   -2.6796E-08
   596    3.6175E-11    5.9704E-11   -5.8108E-10
   597   -3.1696E-10   -1.8179E-11   -8.7022E-10
   598   -1.8105E-11    1.9019E-12   -1.5241E-10
   599    1.0724E-10    3.8999E-11   -5.6004E-10
   600   -9.8625E-11    5.1807E-11   -6.4286E-10
   601    8.3256E-11    2.1495E-11   -3.0385E-10
   602    1.9490E-11    4.3045E-11   -6.1091E-10
   603    6.1804E-09   -1.4597E-08   -8.4304E-09
   604   -1.1236E-10    1.7187E-11   -6.8953E-10
   605   -8.9757E-12    2.5179E-12   -1.6676E-10
   606    6.5543E-10   -2.9089E-09   -3.1444E-09
   607   -5.5344E-11    4.7618E-11   -6.3954E-10
   608    9.9679E-11    4.9001E-11   -4.9475E-10
   609   -4.6941E-11    9.4163E-11   -5.5160E-10
   610    5.8312E-10   -2.6818E-09   -1.8002E-09
   611    6.3007E-12    3.3866E-12   -1.8307E-10
   612    1.0247E-10    2.4167E-11   -3.3965E-10
   613    2.5394E-09    6.0191E-10   -1.5912E-08
   614    1.5031E-11    4.4002E-11   -6.1347E-10
   615    0.0000E+00    0.0000E+00   -1.3609E-10
   616   -2.1205E-10    1.7390E-10   -2.6706E-09
   617   -1.0486E-10    5.7096E-11   -6.5275E-10
   618   -1.5686E-11    0.0000E+00   -9.0813E-11
   619   -1.7601E-08    4.3491E-08   -2.9603E-07
   620   -2.9654E-11    0.0000E+00   -9.1189E-11
   621   -3.4272E-10   -8.4932E-11   -9.7165E-10
   622    1.8459E-08   -2.5446E-08   -4.5881E-08
   623   -7.8992E-08    4.1977E-07   -6.5485E-07
   624   -4.0245E-11    0.0000E+00   -9.1799E-11
   625    2.8300E-11    4.5719E-12   -2.0123E-10
   626   -1.1251E-10    1.1717E-09   -2.9855E-08
   627   -1.0800E-10    7.3928E-11   -6.8690E-10
   628    3.9761E-09   -8.6118E-09   -3.1356E-08
   629   -1.9111E-10   -1.4774E-09   -2.5954E-09
   630    1.0053E-08   -1.5727E-08   -2.5443E-08
   631   -1.6106E-10   -4.4175E-11   -7.7622E-10
   632   -4.5959E-11    0.0000E+00   -9.2639E-11
   633    2.8250E-10    0.0000E+00   -1.3177E-10
   634    1.0121E-10    4.5970E-11   -5.2956E-10
   635    1.2440E-10    2.6894E-11   -3.7509E-10
   636    2.5258E-10    1.6865E-11   -3.1370E-10
   637    1.8061E-10    3.0948E-11   -4.3971E-10
   638   -4.5441E-11    0.0000E+00   -9.3736E-11
   639    5.8161E-10   -4.1125E-09   -3.0586E-09
   640    1.0563E-10    4.4623E-11   -5.2873E-10
   641   -7.5790E-12    1.9256E-11   -6.5284E-10
   642   -1.0987E-10    8.8555E-11   -7.9601E-10
   643    5.7440E-11    6.1307E-12   -2.2113E-10
   644    4.1427E-11    5.8041E-11   -5.8064E-10
   645   -3.7572E-11    0.0000E+00   -9.5174E-11
   646    9.4875E-10   -1.3796E-10   -3.2892E-09
   647    2.8760E-09   -6.5294E-09   -4.6217E-09
   648    2.1565E-08    2.5489E-09   -3.3693E-08
   649   -3.8067E-10   -2.5999E-10   -2.0239E-09
   650    1.4908E-10    2.9649E-11   -4.0899E-10
   651   -2.2431E-08    6.9795E-08   -5.1637E-07
   652   -4.1357E-10   -1.8853E-10   -1.0065E-09
   653   -1.5351E-11    7.3667E-11   -6.1187E-10
   654    1.0313E-10    3.9676E-11   -5.6148E-10
   655   -1.6760E-10    3.1651E-10   -7.8045E-10
   656   -1.1357E-10   -1.2526E-10   -8.5138E-10
   657    9.4029E-11    8.1380E-12   -2.4259E-10
   658   -2.1381E-11   -4.6258E-22   -9.7092E-11
   659    1.3217E-08   -1.9956E-08   -4.2478E-08
   660   -3.3751E-08    2.2480E-07   -8.2118E-07
   661   -6.1045E-11    9.6642E-11   -6.4364E-10
   662   -1.2543E-11   -1.5911E-11   -7.0125E-10
   663    4.1990E-09   -5.1809E-09   -1.9196E-08
   664    9.8216E-10   -3.2015E-09   -3.3748E-09
   665    3.8664E-12   -4.6258E-22   -9.9688E-11
   666   -2.0631E-10    7.2139E-10   -3.0822E-08
   667    4.1834E-09   -9.5214E-09   -3.0653E-08
   668    1.7672E-10    3.2072E-11   -4.4065E-10
   669   -1.1621E-10    1.3306E-10   -6.9820E-10
   670    1.3814E-10    1.0702E-11   -2.6543E-10
   671    2.0768E-10    0.0000E+00   -1.2183E-10
   672   -4.8097E-10   -2.4970E-10   -4.6292E-10
   673    1.9355E-10    1.3190E-11   -2.8914E-10
   674    1.1062E-10    2.8085E-11   -5.9266E-10
   675    1.0193E-09   -1.0098E-09   -2.6870E-09
   676    1.5294E-10    2.8490E-11   -4.0883E-10
   677    7.2354E-10   -4.4307E-10   -2.4291E-09
   678    1.8633E-08    6.1452E-09   -5.8841E-08
   679    3.8764E-11    4.6258E-22   -1.0319E-10
   680   -2.2308E-10    2.3028E-10   -7.7830E-10
   681    1.0408E-10    4.7544E-11   -4.9503E-10
   682   -2.5140E-10   -7.9752E-11   -1.2853E-09
   683   -1.2664E-08    9.6142E-08   -6.7500E-07
   684    3.6651E-09   -7.5422E-09   -4.2468E-09
   685    5.8004E-11    6.9424E-11   -5.4661E-10
   686   -1.6987E-10   -9.1160E-10   -2.0593E-09
   687    1.8973E-10    1.3904E-11   -2.8953E-10
   688    2.8259E-12   -7.6358E-11   -7.6643E-10
   689    2.0878E-10    3.3104E-11   -4.6997E-10
   690    8.0221E-09   -1.5272E-08   -2.7684E-08
   691   -1.2396E-08    7.1736E-08   -8.1529E-07
   692    1.0958E-11    9.6503E-11   -5.7866E-10
   693   -3.2312E-10    4.1515E-10   -6.6013E-10
   694    8.3636E-11    4.6258E-22   -1.0786E-10
   695    1.3125E-10    5.1812E-12   -6.2596E-10
   696    3.0412E-09    1.4512E-11   -1.9626E-08
   697   -4.1437E-11    1.3393E-10   -6.0334E-10
   698    2.4357E-09   -4.6609E-09   -4.4320E-09
   699    7.4520E-10   -3.3875E-10   -1.4490E-09
   700    2.4883E-10    1.7597E-11   -3.1491E-10
   701    2.0773E-09   -1.2096E-09   -4.2348E-09
   702   -3.4759E-10    4.3075E-10   -3.0985E-08
   703    2.7263E-09   -7.2576E-09   -3.0164E-08
   704    6.4097E-10   -9.5090E-11   -1.4877E-09
   705    1.3863E-10    4.6258E-22   -1.1403E-10
   706    5.6717E-09    1.1702E-08   -1.0216E-07
   707   -1.1295E-10    1.9611E-10   -6.2278E-10
   708   -5.4451E-10   -7.5088E-11   -9.2977E-10
   709    2.4843E-10    2.9998E-11   -4.9687E-10
   710    2.5082E-11   -1.8401E-10   -8.0832E-10
   711    1.4253E-10    0.0000E+00   -1.1419E-10
   712   -6.2045E-09    9.8826E-08   -7.3560E-07
   713    1.4179E-10    1.0085E-11   -2.6581E-10
   714    1.2799E-10    2.5892E-11   -3.7573E-10
   715   -2.2447E-10    2.9419E-10   -5.9294E-10
   716    1.7500E-10   -3.7131E-11   -6.5712E-10
   717    1.0142E-10    4.8834E-11   -4.5643E-10
   718    2.5435E-09   -5.8073E-09   -3.8041E-09
   719    6.7756E-09   -1.3967E-08   -2.3097E-08
   720    1.2709E-09   -2.5887E-09   -4.1874E-09
   721   -5.9933E-09    8.8639E-09   -7.5428E-07
   722    3.1590E-10    2.0997E-11   -3.4132E-10
   723    2.0367E-10    0.0000E+00   -1.2212E-10
   724    7.0632E-11    7.7134E-11   -5.0508E-10
   725    3.0116E-10    1.8552E-11   -5.1930E-10
   726   -3.9028E-10    4.1162E-10   -4.2455E-10
   727    3.3177E-11    1.1213E-10   -5.3131E-10
   728    3.5288E-09    6.7334E-10   -2.6922E-08
   729    8.1495E-10   -2.5600E-10   -5.4111E-10
   730    5.7297E-10   -2.9558E-10   -9.9544E-10
   731    1.8525E-09   -4.7418E-10   -8.0293E-09
   732    4.5221E-10   -2.0694E-10   -1.0612E-09
   733   -1.2258E-11    1.5831E-10   -5.3850E-10
   734    1.1303E-09    1.9047E-08   -1.5271E-07
   735    2.2922E-09   -4.6018E-09   -4.8385E-09
   736    2.7860E-10   -4.6258E-22   -1.3256E-10
   737   -4.8782E-10    3.0918E-10   -3.0503E-08
   738    3.9213E-10    2.2449E-11   -3.6753E-10
   739    8.5138E-10   -3.5629E-09   -2.8457E-08
   740    2.7847E-10   -8.5454E-11   -6.3166E-10
   741    2.9710E-10   -8.4007E-10   -3.3990E-09
   742   -6.6811E-09    8.8640E-08   -7.3568E-07
   743   -6.9814E-11    2.1985E-10   -5.1914E-10
   744    3.7734E-10   -3.4245E-12   -5.2629E-10
   745    8.7215E-11    0.0000E+00   -1.0839E-10
   746    9.7317E-11    7.6868E-12   -2.4359E-10
   747    7.6394E-09   -1.5093E-08   -3.2965E-08
   748   -3.5239E-09   -1.0127E-08   -6.9416E-07
   749    1.0556E-10    2.3453E-11   -3.4086E-10
   750   -1.2259E-10    2.9467E-10   -4.4571E-10
   751    2.0049E-09   -3.3271E-09   -5.9173E-09
   752    3.6336E-10    0.0000E+00   -1.4557E-10
   753    1.1140E-09   -2.9693E-09   -2.0755E-09
   754    9.7898E-11    4.8593E-11   -4.1376E-10
   755    6.5941E-10   -3.7498E-10   -4.8491E-10
   756    7.4367E-10   -3.4882E-10    1.9581E-10
   757    6.7080E-10   -1.5059E-10   -1.0507E-09
   758    4.7960E-10    1.9609E-11   -3.8933E-10
   759    8.1207E-11    8.0423E-11   -4.5772E-10
   760    1.4768E-09    1.6968E-10   -1.5516E-08
   761    3.6759E-09   -2.4933E-11   -3.7968E-08
   762    3.9702E-10   -1.3344E-10   -6.1214E-10
   763   -9.1104E-11    3.2940E-10   -3.1071E-10
   764   -3.3171E-09    2.6266E-08   -1.9895E-07
   765    5.6197E-11    1.1897E-10   -4.7773E-10
   766    4.7863E-10   -3.4878E-11   -5.0951E-10
   767    1.4026E-09   -2.9640E-09   -3.8009E-09
   768    2.4746E-11    1.6503E-10   -4.7502E-10
   769    4.5800E-10    0.0000E+00   -1.6054E-10
   770    1.2354E-09   -1.8773E-09   -6.3916E-09
   771   -8.9051E-09    7.6850E-08   -7.1938E-07
   772   -3.8692E-11    3.2624E-10   -3.0365E-08
   773   -1.4158E-10   -9.5797E-10   -2.8530E-08
   774    5.7913E-10    1.0221E-11   -3.9992E-10
   775   -6.3693E-12    2.1768E-10   -4.4407E-10
   776    7.5896E-09   -1.6673E-08   -4.8414E-08
   777    6.4978E-10   -3.3983E-10   -8.1173E-11
   778   -1.6343E-09   -1.6308E-08   -6.4142E-07
   779    7.5454E-10   -1.5890E-10   -4.9270E-10
   780    6.6463E-10   -2.9601E-10    2.2949E-10
   781    6.9070E-10   -1.5324E-10   -5.8964E-10
   782    4.1875E-11    0.0000E+00   -1.0395E-10
   783    1.3263E-09   -2.4576E-09   -5.1646E-09
   784    6.0228E-11    5.8796E-12   -2.2252E-10
   785    5.7228E-10    5.9729E-10   -2.6629E-08
   786   -2.3447E-11    2.6790E-10   -3.9768E-10
   787    3.0368E-11   -1.1484E-09   -1.1528E-09
   788    8.5744E-11    2.1124E-11   -3.0537E-10
   789    5.6209E-10    0.0000E+00   -1.7549E-10
   790    5.7898E-10   -7.1574E-11   -4.7075E-10
   791    9.3584E-11    4.6869E-11   -3.6935E-10
   792    4.5943E-09   -6.1204E-10   -5.0578E-08
   793   -7.6414E-09    3.1912E-08   -2.3957E-07
   794    8.9564E-11    7.9719E-11   -4.0887E-10
   795   -5.8721E-11    3.0009E-10   -3.0709E-10
   796    6.8715E-10   -5.8517E-12   -3.9182E-10
   797    7.6724E-11    1.1827E-10   -4.2688E-10
   798   -1.0049E-08    6.4987E-08   -6.9864E-07
   799    3.6898E-10   -1.1103E-09   -2.0445E-09
   800    8.2977E-10   -1.5509E-09   -6.2087E-09
   801    5.9120E-11    1.6127E-10   -4.2452E-10
   802    7.1169E-10   -2.1014E-10   -7.3994E-11
   803    6.0482E-10   -3.3915E-10    1.6670E-10
   804   -9.1057E-11    3.8189E-10   -3.0623E-08
   805    6.7343E-10    0.0000E+00   -1.8668E-10
   806    2.7335E-10   -7.5696E-10   -2.8751E-08
   807    8.4395E-10   -1.3540E-10   -3.4666E-10
   808    4.8516E-10   -2.6747E-10    1.8048E-10
   809    8.5208E-09   -1.8462E-08   -6.6432E-08
   810    2.0871E-10   -1.9047E-08   -5.9686E-07
   811    7.6827E-10   -9.4849E-11   -3.8036E-10
   812    4.1663E-11    2.0678E-10   -4.0570E-10
   813   -4.9897E-10    1.7842E-09   -4.1889E-08
   814    4.8633E-10   -9.9339E-10   -2.7876E-09
   815    8.0368E-10   -2.5142E-11   -3.5702E-10
   816    1.6936E-10   -5.7049E-10   -6.5032E-10
   817    6.4320E-12    0.0000E+00   -1.0055E-10
   818    2.1448E-11    2.5056E-10   -3.7995E-10
   819   -1.0967E-08    3.6018E-08   -2.7427E-07
   820    3.0530E-11    4.5172E-12   -2.0276E-10
   821    4.6188E-09   -5.5213E-10   -6.0926E-08
   822    6.8460E-11    1.8858E-11   -2.7055E-10
   823    8.8090E-11    4.3994E-11   -3.2543E-10
   824    7.8849E-10    0.0000E+00   -1.8911E-10
   825    9.4121E-11    7.6137E-11   -3.6181E-10
   826   -9.4521E-09    5.2586E-08   -6.7442E-07
   827    2.3911E-12    3.1072E-10   -3.1262E-10
   828    6.7395E-10   -2.2293E-10    1.3971E-10
   829    7.8767E-10   -1.3144E-10   -9.2072E-11
   830    5.1437E-10   -3.0465E-10    3.5593E-10
   831    9.0884E-11    1.1313E-10   -3.8112E-10
   832    3.6286E-11   -2.8859E-10   -1.0427E-09
   833    2.2996E-10   -4.9253E-10   -3.5803E-09
   834    9.0319E-10   -9.5554E-11   -2.5039E-10
   835    1.3494E-10   -5.2641E-10   -4.3860E-10
   836    9.1876E-10   -4.3794E-11   -2.9102E-10
   837    8.1676E-11    1.5345E-10   -3.8553E-10
   838   -3.7791E-12    3.8907E-10   -3.0646E-08
   839    1.4667E-10   -6.0665E-10   -2.8652E-08
   840    8.8141E-09   -1.9915E-08   -8.2288E-08
   841    4.5680E-09   -2.0981E-08   -5.5594E-07
   842   -1.6504E-09    3.0414E-09   -5.9883E-08
   843    9.0068E-10    0.0000E+00   -1.7888E-10
   844    6.8280E-11    1.9585E-10   -3.7828E-10
   845    5.3220E-12   -3.9259E-11   -1.3166E-09
   846   -1.2230E-08    3.8256E-08   -3.0252E-07
   847    4.3812E-09   -1.3266E-10   -6.8445E-08
   848    1.2746E-10   -4.0864E-10   -6.9034E-10
   849    5.1115E-11    2.4407E-10   -3.6490E-10
   850   -1.9373E-11    0.0000E+00   -9.7928E-11
   851    7.4466E-10   -1.3459E-10    7.9338E-11
   852    7.9805E-12    3.4970E-12   -1.8453E-10
   853    5.4765E-10   -1.6906E-10    3.4293E-10
   854    9.0248E-10   -9.2127E-11   -1.1028E-10
   855    5.3528E-11    1.6667E-11   -2.3743E-10
   856    2.6908E-10   -1.6209E-10    3.7739E-10
   857   -6.1397E-09    4.0883E-08   -6.4740E-07
   858    8.0945E-11    4.0369E-11   -2.8355E-10
   859    1.0074E-09   -5.6248E-11   -2.0787E-10
   860    1.7840E-10   -4.0483E-10   -2.2937E-09
   861    2.7102E-11    3.0328E-10   -2.9535E-10
   862    9.3817E-11    7.0773E-11   -3.1753E-10
   863    3.5133E-11    1.0678E-10   -1.6213E-09
   864    1.1099E-10   -2.3613E-10   -8.6453E-10
   865    9.9886E-10    0.0000E+00   -1.5561E-10
   866    9.6731E-11    1.0569E-10   -3.3949E-10
   867   -2.7478E-09    3.8600E-09   -7.8630E-08
   868    8.7548E-09   -2.0399E-08   -9.3750E-08
   869    6.7282E-09   -2.1923E-08   -5.1525E-07
   870    1.2271E-11    3.7700E-10   -3.0732E-08
   871    1.8272E-10   -4.2222E-10   -2.8688E-08
   872    9.1939E-11    1.4373E-10   -3.5029E-10
   873   -1.1574E-08    3.7944E-08   -3.2418E-07
   874    6.4773E-10   -1.1351E-10    2.0458E-10
   875    8.6679E-10   -8.4304E-11    1.2521E-11
   876    8.1025E-11    1.8530E-10   -3.5104E-10
   877    1.0062E-10    2.0051E-10   -1.0712E-09
   878    3.8735E-10   -1.2536E-10    4.1103E-10
   879    4.1257E-09    2.4291E-10   -7.6826E-08
   880    1.0395E-09   -5.5640E-11   -1.2185E-10
   881    2.2528E-10   -1.3430E-10    5.1834E-10
   882    1.2710E-10   -3.0458E-10   -5.6015E-10
   883    1.0695E-09    0.0000E+00   -1.2051E-10
   884    6.2225E-11    2.3218E-10   -3.4138E-10
   885   -3.7300E-09    3.1352E-08   -6.1781E-07
   886   -3.6082E-11    0.0000E+00   -9.5889E-11
   887    1.8227E-10   -1.5609E-11   -3.9971E-09
   888   -7.7909E-12    2.7469E-12   -1.6798E-10
   889    4.0739E-11    1.4561E-11   -2.0674E-10
   890    7.2029E-11    3.6226E-11   -2.4455E-10
   891   -1.0052E-10    1.6544E-10   -1.3976E-09
   892    3.3828E-11    2.9005E-10   -2.7674E-10
   893   -3.2577E-09    4.8768E-09   -9.7822E-08
   894    8.8594E-11    6.4203E-11   -2.7627E-10
   895    3.2772E-12   -7.9571E-11   -6.9409E-10
   896    8.1963E-09   -2.0285E-08   -1.0556E-07
   897    7.3144E-09   -2.1685E-08   -4.8013E-07
   898    9.4862E-11    9.6468E-11   -3.0029E-10
   899    8.0395E-10   -6.4328E-11    1.0210E-10
   900    5.5566E-10   -7.6043E-11    2.6196E-10
   901    1.0202E-09   -4.4858E-11   -4.0490E-11
   902    1.7803E-11    3.4848E-10   -3.0762E-08
   903    1.3093E-10   -2.8478E-10   -2.8688E-08
   904   -1.0416E-08    3.5757E-08   -3.3955E-07
   905    3.4920E-10   -9.1608E-11    3.6835E-10
   906    9.2562E-11    1.3202E-10   -3.1563E-10
   907    1.1006E-09    0.0000E+00   -8.0642E-11
   908    4.0064E-10   -1.4793E-10    5.1010E-10
   909   -5.8629E-11    4.0659E-11   -1.0279E-09
   910    3.7669E-09    4.7327E-10   -8.6638E-08
   911    8.2568E-11    1.7102E-10   -3.2092E-10
   912    9.6401E-12    5.9343E-11   -6.0056E-09
   913   -2.6653E-09    2.4504E-08   -5.8921E-07
   914    9.3748E-11   -1.8921E-10   -4.5992E-10
   915    6.4591E-11    2.1491E-10   -3.1297E-10
   916   -4.4397E-11    0.0000E+00   -9.4268E-11
   917   -1.7330E-11    2.1960E-12   -1.5330E-10
   918   -3.5071E-09    5.8606E-09   -1.1642E-07
   919    2.9974E-11    1.2485E-11   -1.7911E-10
   920    1.5881E-11    4.0001E-10   -1.3163E-09
   921    7.3164E-10   -4.2537E-11    1.5937E-10
   922    6.1584E-11    3.1608E-11   -2.0914E-10
   923    9.7305E-10   -3.0939E-11    2.1726E-11
   924    4.9189E-10   -5.0128E-11    2.9587E-10
   925    4.2592E-11    2.6525E-10   -2.5198E-10
   926    7.8357E-09   -1.9871E-08   -1.1923E-07
   927    2.1515E-11   -3.1654E-11   -6.3329E-10
   928    6.9608E-09   -2.0956E-08   -4.5086E-07
   929    1.0910E-09    0.0000E+00   -4.6359E-11
   930    7.9169E-11    5.6458E-11   -2.3837E-10
   931    3.4785E-10   -6.1443E-11    4.1908E-10
   932   -9.7735E-09    3.2548E-08   -3.5013E-07
   933    8.6815E-11    8.5307E-11   -2.6344E-10
   934    2.4286E-10   -3.2797E-11    5.1991E-10
   935    3.1441E-11    3.1090E-10   -3.0784E-08
   936    1.1930E-10   -1.7963E-10   -2.8677E-08
   937    8.5794E-11    1.1722E-10   -2.8155E-10
   938    3.7169E-09    3.2172E-10   -9.6413E-08
   939    7.4791E-12    3.4006E-11   -6.2268E-10
   940   -5.5597E-11    1.0142E-10   -8.7978E-09
   941   -2.1255E-09    1.9486E-08   -5.6317E-07
   942    7.7255E-11    1.5215E-10   -2.8949E-10
   943    9.6671E-11   -1.0146E-10   -3.9031E-10
   944    9.1028E-10   -1.7182E-11    6.2839E-11
   945    6.6653E-10   -2.4605E-11    1.8801E-10
   946    1.0519E-09    0.0000E+00   -2.0859E-11
   947   -3.7339E-09    6.6892E-09   -1.3347E-07
   948    6.1161E-11    1.9044E-10   -2.8301E-10
   949    4.5434E-10   -3.5914E-11    3.1322E-10
   950   -4.5272E-11    0.0000E+00   -9.2962E-11
   951   -2.1274E-11    1.7599E-12   -1.4070E-10
   952    3.0266E-11    4.6108E-10   -1.1713E-09
   953    3.1552E-10   -3.7923E-11    4.6508E-10
   954    2.1122E-11    1.0343E-11   -1.5515E-10
   955    7.3589E-09   -1.8863E-08   -1.3334E-07
   956    6.5216E-09   -1.9768E-08   -4.2612E-07
   957    5.0044E-11    2.6422E-11   -1.7817E-10
   958    5.2574E-11   -1.5716E-11   -5.3015E-10
   959    3.7569E-11    2.3211E-10   -2.2699E-10
   960   -9.1128E-09    2.8823E-08   -3.5767E-07
   961    2.2083E-10    4.6407E-11    4.8591E-10
   962    6.6528E-11    4.7430E-11   -2.0476E-10
   963    7.4116E-11    7.1902E-11   -2.3005E-10
   964    2.4186E-11    2.6716E-10   -3.0794E-08
   965    9.5957E-11   -9.6951E-11   -2.8669E-08
   966   -1.7781E-10    1.3907E-10   -1.1913E-08
   967    3.2490E-09    2.9384E-10   -1.0599E-07
   968    7.3881E-11    9.8992E-11   -2.4975E-10
   969   -6.3408E-11    1.1863E-10   -5.2555E-10
   970    8.4236E-10   -7.4121E-12    8.7758E-11
   971    9.9405E-10    0.0000E+00   -5.1256E-12
   972   -1.6742E-09    1.5540E-08   -5.3996E-07
   973    6.1151E-10   -1.3405E-11    2.1096E-10
   974    4.2106E-10   -1.8812E-11    3.4117E-10
   975    6.6805E-11    1.2835E-10   -2.5961E-10
   976   -3.9018E-09    7.3338E-09   -1.4880E-07
   977    7.4399E-11   -5.0001E-11   -3.3880E-10
   978    2.5822E-10    4.9178E-12    4.6545E-10
   979    5.3169E-11    1.5972E-10   -2.5455E-10
   980   -1.6342E-10    2.8990E-10   -9.4397E-10
   981    6.4762E-09   -1.7597E-08   -1.4614E-07
   982    5.8799E-09   -1.8350E-08   -4.0444E-07
   983   -3.9826E-11    0.0000E+00   -9.1922E-11
   984    1.8392E-10    8.0066E-11    4.1709E-10
   985   -2.0453E-11    1.3614E-12   -1.3044E-10
   986   -8.3437E-09    2.4835E-08   -3.6288E-07
   987    1.4035E-11    8.0379E-12   -1.3553E-10
   988    2.6634E-11    3.5365E-11   -4.7549E-10
   989    3.6897E-11    1.9254E-10   -2.0465E-10
   990    3.7847E-11    2.0600E-11   -1.5261E-10
   991    5.1593E-11    3.7059E-11   -1.7671E-10
   992    9.2511E-10    0.0000E+00    2.0401E-12
   993    7.7335E-10   -2.4886E-12    1.0128E-10
   994   -3.0381E-10    1.5148E-10   -1.5416E-08
   995    5.5869E-10   -6.9288E-12    2.2885E-10
   996    5.8127E-11    5.6271E-11   -2.0175E-10
   997    2.8930E-11    2.1810E-10   -3.0796E-08
   998    7.7171E-11   -4.6266E-11   -2.8665E-08
   999    2.9582E-09    4.5366E-10   -1.1446E-07
  1000    3.7572E-10   -8.6094E-13    3.5821E-10
  1001   -1.2435E-09    1.2381E-08   -5.1928E-07
  1002    8.7200E-11    1.0166E-10   -4.4760E-10
  1003    5.8252E-11    7.7474E-11   -2.2240E-10
  1004   -3.9114E-09    7.7013E-09   -1.6221E-07
  1005    2.2277E-10    3.9844E-11    4.3881E-10
  1006    5.2914E-11    1.0023E-10   -2.3369E-10
  1007    5.7609E-11   -7.2916E-12   -2.9173E-10
  1008    1.5494E-10    1.0330E-10    3.5475E-10
  1009    4.2613E-11    1.2402E-10   -2.3059E-10
  1010    6.0926E-09   -1.6148E-08   -1.5811E-07
  1011    6.6281E-11    2.7025E-10   -9.4798E-10
  1012    5.1935E-09   -1.6578E-08   -3.8542E-07
  1013   -7.3475E-09    2.0795E-08   -3.6620E-07
  1014    8.5009E-10    0.0000E+00    4.7528E-12
  1015    7.0280E-10   -3.4271E-13    1.1048E-10
  1016   -2.9423E-11    0.0000E+00   -9.1147E-11
  1017   -1.5841E-11    9.4401E-13   -1.2283E-10
  1018    1.4400E-11    4.9961E-11   -4.2396E-10
  1019    8.4376E-12    5.5241E-12   -1.2093E-10
  1020    5.0343E-10    3.7586E-13    2.4003E-10
  1021    2.8016E-11    1.4806E-10   -1.8585E-10
  1022   -4.3196E-10    1.4956E-10   -1.9182E-08
  1023    2.5325E-11    1.4152E-11   -1.3348E-10
  1024    3.5144E-11    2.5479E-11   -1.5554E-10
  1025    3.2843E-10    1.7981E-11    3.5189E-10
  1026    2.4720E-09    3.8774E-10   -1.2225E-07
  1027   -9.3173E-10    9.8398E-09   -5.0123E-07
  1028    1.9828E-11    1.6593E-10   -3.0799E-08
  1029    3.9891E-11    3.8698E-11   -1.8020E-10
  1030    5.3630E-11   -1.4126E-11   -2.8652E-08
  1031   -1.1730E-10    1.3490E-10   -3.5870E-10
  1032    1.9018E-10    5.8956E-11    3.9567E-10
  1033   -3.7390E-09    7.7418E-09   -1.7364E-07
  1034    4.0141E-11    5.3248E-11   -2.0140E-10
  1035    3.9640E-11    1.2875E-11   -2.6203E-10
  1036    3.6567E-11    6.8723E-11   -2.1389E-10
  1037    1.2648E-10    1.1085E-10    2.9082E-10
  1038    7.7069E-10    0.0000E+00    5.3568E-12
  1039    6.2901E-10    1.0968E-12    1.1543E-10
  1040    4.9927E-09   -1.4273E-08   -1.6914E-07
  1041    4.2881E-09   -1.4571E-08   -3.6946E-07
  1042   -1.2065E-10    8.0283E-11   -8.7310E-10
  1043   -6.3563E-09    1.6923E-08   -3.6808E-07
  1044    2.9432E-11    8.4649E-11   -2.1225E-10
  1045    4.4407E-10    8.5923E-12    2.3956E-10
  1046   -5.1732E-10    1.4190E-10   -2.3057E-08
  1047   -2.1917E-12    5.1301E-11   -3.4533E-10
  1048   -1.5587E-11    0.0000E+00   -9.0664E-11
  1049    2.8485E-10    3.3036E-11    3.2885E-10
  1050   -8.5975E-12    4.8676E-13   -1.1813E-10
  1051    2.0805E-11    1.0040E-10   -1.7248E-10
  1052    3.9315E-12    2.8183E-12   -1.1192E-10
  1053    1.2678E-11    7.2124E-12   -1.2162E-10
  1054    1.7784E-11    1.2983E-11   -1.4236E-10
  1055   -7.5510E-10    7.7451E-09   -4.8610E-07
  1056    2.1686E-09    5.3408E-10   -1.2911E-07
  1057    1.6385E-10    6.8305E-11    3.4537E-10
  1058   -3.4454E-09    7.4286E-09   -1.8302E-07
  1059    1.6559E-11    1.1148E-10   -3.0797E-08
  1060    3.7168E-11    1.1825E-12   -2.8650E-08
  1061    2.0276E-11    1.9718E-11   -1.6671E-10
  1062   -3.0069E-12    1.1210E-10   -3.9446E-10
  1063    6.8748E-10    0.0000E+00    5.2095E-12
  1064    2.0447E-11    2.7112E-11   -1.8824E-10
  1065    1.0514E-10    1.0330E-10    2.3597E-10
  1066    5.5263E-10    3.4032E-12    1.1431E-10
  1067    2.7314E-11    1.5182E-11   -2.3508E-10
  1068    3.8430E-10    1.6538E-11    2.2586E-10
  1069    1.8658E-11    3.4932E-11   -2.0141E-10
  1070    4.3583E-09   -1.2289E-08   -1.7864E-07
  1071   -5.3177E-09    1.3327E-08   -3.6911E-07
  1072    3.5471E-09   -1.2311E-08   -3.5611E-07
  1073   -1.4100E-11    1.4601E-11   -3.8258E-10
  1074   -5.6797E-10    1.3529E-10   -2.6854E-08
  1075    2.4391E-10    4.2234E-11    2.9443E-10
  1076    1.5158E-11    4.2916E-11   -2.0111E-10
  1077    1.8384E-11    4.2861E-11   -3.2565E-10
  1078    0.0000E+00    0.0000E+00   -1.3581E-10
  1079    0.0000E+00    2.4785E-13   -1.6585E-10
  1080    1.0277E-11    5.0627E-11   -1.6384E-10
  1081    1.4084E-10    6.7972E-11    2.9630E-10
  1082    0.0000E+00    1.4223E-12   -1.5668E-10
  1083   -5.2331E-10    5.9493E-09   -4.7370E-07
  1084    0.0000E+00    3.6443E-12   -1.6203E-10
  1085    1.6243E-09    5.3855E-10   -1.3447E-07
  1086    6.0182E-10    0.0000E+00    3.8951E-12
  1087   -3.0516E-09    6.7743E-09   -1.9063E-07
  1088    0.0000E+00    6.5519E-12   -1.7848E-10
  1089    4.7591E-10    6.3847E-12    1.0593E-10
  1090    7.5566E-12    5.6016E-11   -3.0798E-08
  1091    1.7672E-11    3.0691E-12   -2.8646E-08
  1092    9.3130E-12    4.4946E-11   -3.6076E-10
  1093    0.0000E+00    9.9566E-12   -1.9768E-10
  1094    8.8713E-11    8.9438E-11    1.8330E-10
  1095    3.2667E-10    2.2610E-11    2.0197E-10
  1096    0.0000E+00    1.3671E-11   -2.1260E-10
  1097    1.6133E-11    1.0632E-11   -2.2574E-10
  1098   -4.2579E-09    1.0036E-08   -3.6952E-07
  1099    3.3053E-09   -9.8527E-09   -1.8682E-07
  1100    2.6015E-09   -9.7514E-09   -3.4524E-07
  1101    0.0000E+00    1.7642E-11   -2.1724E-10
  1102    2.0622E-10    4.6233E-11    2.5531E-10
  1103   -6.0953E-10    1.3524E-10   -3.0440E-08
  1104   -1.5447E-11    1.0622E-10   -3.5069E-10
  1105    0.0000E+00    2.1495E-11   -2.0563E-10
  1106    1.1460E-10    6.7655E-11    2.5587E-10
  1107    1.2103E-11    1.7493E-11   -3.1935E-10
  1108    5.1647E-10    0.0000E+00    6.7397E-13
  1109    0.0000E+00    2.5704E-11   -1.4921E-10
  1110   -4.2482E-10    4.3766E-09   -4.6394E-07
  1111    4.0207E-10    8.9897E-12    9.0703E-11
  1112   -2.5297E-09    5.8195E-09   -1.9648E-07
  1113    1.1505E-09    2.5420E-10   -1.3880E-07
  1114    5.5760E-11    6.7123E-11    1.2731E-10
  1115    2.7314E-10    2.5340E-11    1.7131E-10
  1116    5.8241E-12    2.7530E-11   -3.5886E-10
  1117    0.0000E+00    2.7621E-11   -4.6103E-08
  1118    0.0000E+00    1.9596E-12   -4.1421E-08
  1119    1.6883E-10    4.5020E-11    2.1593E-10
  1120   -3.1872E-09    7.0861E-09   -3.6957E-07
  1121    2.3338E-09   -6.8709E-09   -1.9300E-07
  1122    1.6834E-09   -6.8287E-09   -3.3741E-07
  1123   -5.3675E-10    1.1442E-10   -3.3594E-08
  1124    0.0000E+00    5.7420E-12   -2.1441E-10
  1125   -4.1974E-12    6.6671E-11   -3.1325E-10
  1126    4.3476E-10    0.0000E+00   -4.6141E-12
  1127    8.9225E-11    6.6351E-11    2.0385E-10
  1128    3.3376E-10    1.0304E-11    7.1213E-11
  1129    0.0000E+00    7.9098E-12   -3.3032E-10
  1130   -1.9228E-09    4.6083E-09   -2.0078E-07
  1131   -3.6949E-10    2.9351E-09   -4.5702E-07
  1132    6.0248E-10    1.0683E-10   -1.4153E-07
  1133    2.2499E-10    2.4306E-11    1.3993E-10
  1134    4.7297E-11    4.9380E-11    9.6333E-11
  1135    0.0000E+00    1.6446E-11   -3.6579E-10
  1136    1.3391E-10    3.9607E-11    1.7993E-10
  1137   -2.1947E-09    4.4851E-09   -3.6954E-07
  1138   -4.5708E-10    6.1604E-11   -3.6233E-08
  1139    1.2170E-09   -3.5882E-09   -1.9697E-07
  1140    7.8143E-10   -3.5428E-09   -3.3264E-07
  1141    3.5960E-10    0.0000E+00   -1.1307E-11
  1142    0.0000E+00    3.2971E-11   -3.0135E-10
  1143    7.4344E-11    6.2477E-11    2.0437E-10
  1144    2.7280E-10    1.0443E-11    5.0974E-11
  1145   -1.3035E-09    3.1622E-09   -2.0372E-07
  1146   -2.5279E-10    1.4974E-09   -4.5284E-07
  1147    1.8345E-10    2.2052E-11    1.1284E-10
  1148    1.5021E-11    7.1268E-11    5.1251E-11
  1149    0.0000E+00    5.3060E-11   -1.8371E-07
  1150    1.1789E-10    3.3023E-11    1.4809E-10
  1151    2.9192E-10    0.0000E+00   -1.8347E-11
  1152   -1.1139E-09    2.1645E-09   -3.6944E-07
  1153   -3.0745E-10    4.1340E-11   -3.8210E-08
  1154    0.0000E+00   -1.8532E-09   -2.8616E-07
  1155    0.0000E+00   -1.8104E-09   -4.9510E-07
  1156    3.2147E-11    3.2203E-11    1.6956E-10
  1157    2.1771E-10    9.7392E-12    3.2220E-11
  1158    1.4067E-10    2.0347E-11    8.8014E-11
  1159   -6.2153E-10    1.5801E-09   -2.0531E-07
  1160    0.0000E+00    7.7563E-10   -6.0060E-07
  1161    1.0718E-11    7.0684E-11    5.7867E-12
  1162    6.3531E-11    3.3130E-11    1.1216E-10
  1163    2.3151E-10    0.0000E+00   -2.5225E-11
  1164   -1.4845E-10    3.3384E-11   -3.9342E-08
  1165    0.0000E+00    1.0505E-09   -4.9199E-07
  1166    1.6744E-10    7.8756E-12    1.5109E-11
  1167    3.2552E-11    3.2532E-12    1.2006E-10
  1168    1.0350E-10    1.4732E-11    6.5385E-11
  1169    0.0000E+00    7.8573E-10   -2.7444E-07
  1170    7.6110E-12    2.9590E-11    2.9813E-12
  1171    6.2579E-11    2.4148E-11    1.0006E-10
  1172    1.7845E-10    0.0000E+00   -3.1327E-11
  1173    0.0000E+00    1.5446E-11   -5.3103E-08
  1174    1.2372E-10    5.3482E-12    5.8571E-13
  1175    5.6517E-12    5.0672E-12    1.3160E-10
  1176    7.0695E-11    7.3051E-12    4.6030E-11
  1177    0.0000E+00    1.2732E-11   -9.8193E-11
  1178    1.3105E-10    0.0000E+00   -3.5721E-11
  1179    2.5125E-11    1.1307E-11    1.1527E-10
  1180    8.4375E-11    2.3761E-12   -6.3661E-12
  1181    0.0000E+00    6.2310E-12    7.0206E-11
  1182    4.7357E-11    1.0452E-12    4.4926E-11
  1183    8.7564E-11    0.0000E+00   -3.8455E-11
  1184    0.0000E+00    1.0591E-11    8.7772E-11
  1185    4.3927E-11    6.2696E-13   -8.3827E-12
  1186    0.0000E+00   -2.5277E-12   -6.8850E-13
  1187    4.4067E-11    0.0000E+00   -3.8888E-11
  1188    0.0000E+00    6.0408E-13   -3.8507E-11
  1189    0.0000E+00    0.0000E+00   -5.8962E-11
