0.0000000 -113.706996911 35.4028529017 nan nan
0.0000001 -117.798349252 30.4063979079 nan nan
1.0000000 -114.207518065 35.8560238375 nan nan
1.0000001 -118.298870407 30.8595688446 nan nan
2.0000000 -114.603242832 36.2143123171 nan nan
2.0000001 -118.694595174 31.2178573233 nan nan
3.0000000 -115.059731969 36.6276167454 nan nan
3.0000001 -119.15108431 31.6311617516 nan nan
4.0000000 -115.626556942 37.1408190376 nan nan
4.0000001 -119.717909283 32.1443640438 nan nan
5.0000000 -116.134952924 37.6011198282 nan nan
5.0000001 -120.226305265 32.6046648344 nan nan
6.0000000 -117.203628544 38.5686967762 nan nan
6.0000001 -121.464342375 33.725581366 nan nan
