Polyline
128 0
0 -113.706996911 35.4028529017 nan nan
1 -117.583144619 30.6692108301 nan nan
2 -117.798349252 30.4063979079 nan nan
129 0
0 -114.207518065 35.8560238375 nan nan
1 -114.242055397 35.8138460419 nan nan
2 -118.118203106 31.0802039702 nan nan
3 -118.298870407 30.8595688446 nan nan
130 0
0 -114.603242832 36.2143123171 nan nan
1 -114.638553246 36.1711904167 nan nan
2 -118.514700954 31.4375483442 nan nan
3 -118.694595174 31.2178573233 nan nan
131 0
0 -115.059731969 36.6276167454 nan nan
1 -115.093466896 36.5864188654 nan nan
2 -118.969614604 31.8527767938 nan nan
3 -119.15108431 31.6311617516 nan nan
132 0
0 -115.626556942 37.1408190376 nan nan
1 -115.678697342 37.0771439646 nan nan
2 -119.55484505 32.3435018921 nan nan
3 -119.717909283 32.1443640438 nan nan
133 0
0 -116.134952924 37.6011198282 nan nan
1 -116.166161339 37.5630073819 nan nan
2 -120.042309048 32.8293653094 nan nan
3 -120.226305265 32.6046648344 nan nan
134 0
0 -117.203628544 38.5686967762 nan nan
1 -117.330031266 38.4250159294 nan nan
2 -121.37120248 33.8314526554 nan nan
3 -121.464342375 33.725581366 nan nan
END