Polyline
8 0
0 -115.934639837 32.6824033553 nan nan
1 -117.583144619 30.6692108301 nan nan
2 -117.798349251 30.4063979088 nan nan
12 0
0 -117.301448152 32.9192009897 nan nan
1 -118.514700954 31.4375483442 nan nan
2 -118.694595173 31.2178573242 nan nan
14 0
0 -115.734693764 32.9265821664 nan nan
1 -115.934639837 32.6824033553 nan nan
17 0
0 -116.50488648 33.0504238978 nan nan
1 -118.118203106 31.0802039702 nan nan
2 -118.298870406 30.8595688455 nan nan
19 0
0 -115.599876797 33.0912237936 nan nan
1 -115.734693764 32.9265821664 nan nan
23 0
0 -116.318515232 33.2780248168 nan nan
1 -116.50488648 33.0504238978 nan nan
25 0
0 -116.949580141 33.3489104201 nan nan
1 -117.301448152 32.9192009897 nan nan
28 0
0 -117.695256348 33.4090528454 nan nan
1 -118.969614604 31.8527767938 nan nan
2 -119.151084309 31.6311617525 nan nan
31 0
0 -116.74638006 33.5970631024 nan nan
1 -116.949580141 33.3489104201 nan nan
33 0
0 -116.036780531 33.6220858111 nan nan
1 -116.318515232 33.2780248168 nan nan
36 0
0 -117.44153008 33.7189092876 nan nan
1 -117.695256348 33.4090528454 nan nan
41 0
0 -118.264517595 33.9192799041 nan nan
1 -119.55484505 32.3435018921 nan nan
2 -119.717909283 32.1443640447 nan nan
43 0
0 -116.46704573 33.9381927079 nan nan
1 -116.74638006 33.5970631024 nan nan
45 0
0 -119.099497927 33.9807482611 nan nan
1 -120.042309048 32.8293653094 nan nan
2 -120.226305264 32.6046648353 nan nan
48 0
0 -117.203265612 34.0098834176 nan nan
1 -117.44153008 33.7189092876 nan nan
53 0
0 -118.081961482 34.142221691 nan nan
1 -118.264517595 33.9192799041 nan nan
58 0
0 -117.049831212 34.1972610887 nan nan
1 -117.203265612 34.0098834176 nan nan
64 0
0 -116.861598843 34.4271348526 nan nan
1 -117.049831212 34.1972610887 nan nan
66 0
0 -117.830132187 34.4497615057 nan nan
1 -118.081961482 34.142221691 nan nan
69 0
0 -116.734141621 34.5827885878 nan nan
1 -116.861598843 34.4271348526 nan nan
71 0
0 -118.519723831 34.6887819224 nan nan
1 -119.099497927 33.9807482611 nan nan
79 0
0 -117.215371092 35.2005221058 nan nan
1 -117.830132187 34.4497615057 nan nan
82 0
0 -118.096027907 35.2062092763 nan nan
1 -118.519723831 34.6887819224 nan nan
85 0
0 -117.079277335 35.3667229803 nan nan
1 -117.215371092 35.2005221058 nan nan
87 0
0 -113.706996911 35.4028529017 nan nan
1 -115.599876797 33.0912237936 nan nan
89 0
0 -119.983737449 35.4085717806 nan nan
1 -121.37120248 33.8314526554 nan nan
2 -121.464342375 33.7255813669 nan nan
99 0
0 -116.899625271 35.5861182735 nan nan
1 -117.079277335 35.3667229803 nan nan
101 0
0 -117.589445731 35.8248592557 nan nan
1 -118.096027907 35.2062092763 nan nan
103 0
0 -114.207518065 35.8560238375 nan nan
1 -114.242055397 35.8138460419 nan nan
2 -116.036780531 33.6220858111 nan nan
105 0
0 -117.388123526 36.0707186326 nan nan
1 -117.589445731 35.8248592557 nan nan
109 0
0 -114.603242832 36.2143123171 nan nan
1 -114.638553246 36.1711904167 nan nan
2 -116.46704573 33.9381927079 nan nan
112 0
0 -115.059731969 36.6276167454 nan nan
1 -115.093466896 36.5864188654 nan nan
2 -116.734141621 34.5827885878 nan nan
115 0
0 -115.626556942 37.1408190376 nan nan
1 -115.678697342 37.0771439646 nan nan
2 -116.899625271 35.5861182735 nan nan
117 0
0 -118.448194769 37.1540094489 nan nan
1 -119.983737449 35.4085717806 nan nan
119 0
0 -118.264173805 37.3631844372 nan nan
1 -118.448194769 37.1540094489 nan nan
121 0
0 -116.134952924 37.6011198282 nan nan
1 -116.166161339 37.5630073819 nan nan
2 -117.388123526 36.0707186326 nan nan
127 0
0 -117.203628544 38.5686967762 nan nan
1 -117.330031266 38.4250159294 nan nan
2 -118.264173805 37.3631844372 nan nan
END