1	-119.904	35.040	35.5	saf1
2	-119.050	34.840	35.5	saf2
3	-118.089	34.582	35.5	saf3
4	-116.869	34.068	35.5	saf4
5	-116.002	33.595	35.5	saf5
6	-115.673	33.229	35.5	saf6
7	-115.380	32.707	35.5	saf7
8	-118.375	35.093	35.5	GF1
9	-117.225	35.595	35.5	GF2
10	-118.255	34.064	35.5	TF1
11	-119.506	33.988	35.5	TF2
12	-117.042	33.854	35.5	SJF1
13	-116.130	33.167	35.5	SJF2
14	-117.493	33.766	35.5	pf1up
15	-116.841	33.261	35.5	pf1down
16	-117.988	33.663	35.5	pf2up
17	-117.480	33.244	35.5	pf2down
18	-117.571	36.549	35.5	ecszup1
20	-117.073	34.954	35.5	ecszdown1
