0.0000000 -118.861502657 34.8259605674 nan nan
0.0000001 -118.542735491 34.9779232635 nan nan
0.0000002 -118.029222225 35.2403497367 nan nan
0.0000003 -117.923713511 35.3601914946 nan nan
0.0000004 -117.138593616 35.5829191172 nan nan
0.0000005 -116.373439099 35.5931625201 nan nan
1.0000000 -117.407065279 34.2401437074 nan nan
1.0000001 -117.015484257 33.7977211982 nan nan
1.0000002 -115.972900224 33.0203162787 nan nan
1.0000003 -115.508269749 32.8374844402 nan nan
2.0000000 -115.499048567 32.8305736369 nan nan
2.0000001 -115.27855148 32.5929554709 nan nan
3.0000000 -117.932757157 34.1811643396 nan nan
3.0000001 -117.36665784 33.6484529302 nan nan
3.0000002 -116.799089014 33.2408286657 nan nan
3.0000003 -116.175324903 32.8371351327 nan nan
3.0000004 -115.746579203 32.5615028089 nan nan
3.0000005 -115.482892634 32.3403529389 nan nan
4.0000000 -118.398461246 34.0371286697 nan nan
4.0000001 -117.757626675 33.4732978196 nan nan
4.0000002 -117.435356047 33.1413407916 nan nan
4.0000003 -117.125646803 32.6275641363 nan nan
5.0000000 -117.432157124 34.2374718289 nan nan
5.0000001 -117.932757157 34.1811643396 nan nan
6.0000000 -117.932757157 34.1811643396 nan nan
6.0000001 -118.481173535 34.0380264899 nan nan
6.0000002 -119.022294468 33.9794801905 nan nan
6.0000003 -119.663420175 33.9900107146 nan nan
6.0000004 -120.562444388 34.1947261967 nan nan
7.0000000 -121.035500661 36.4521123019 nan nan
7.0000001 -119.601398635 35.0292220922 nan nan
7.0000002 -118.9186708 34.8092702117 nan nan
7.0000003 -118.07313082 34.5539037768 nan nan
7.0000004 -117.404376253 34.2672946769 nan nan
7.0000005 -116.851630132 34.1581102578 nan nan
7.0000006 -116.300037008 33.8426918268 nan nan
7.0000007 -115.716246925 33.3534821961 nan nan
7.0000008 -115.495447627 32.855876216 nan nan
8.0000000 -117.160551329 35.5450689823 nan nan
8.0000001 -117.714118516 36.8237067135 nan nan
8.0000002 -119.046221801 38.1301936485 nan nan
9.0000000 -117.442603818 35.4929687849 nan nan
9.0000001 -117.941201119 36.6198928949 nan nan
9.0000002 -119.148724822 37.8920161239 nan nan
10.0000000 -116.667858721 34.0748766147 nan nan
10.0000001 -116.763367922 34.8067436085 nan nan
10.0000002 -117.17723373 35.5403599738 nan nan
11.0000000 -122.309891526 34.6354224161 nan nan
11.0000001 -117.039244683 30.2128245941 nan nan
11.0000002 -113.153725576 34.9019220487 nan nan
11.0000003 -117.991642917 39.2821635465 nan nan
11.0000004 -122.424105654 34.178565903 nan nan
12.0000000 -117.429026284 35.4546180234 nan nan
12.0000001 -116.951889616 34.8871687655 nan nan
12.0000002 -116.812810769 34.1785583075 nan nan
