Polyline
0 0
0 -118.861502657 34.8259605674 nan nan
1 -118.542735491 34.9779232635 nan nan
2 -118.029222225 35.2403497367 nan nan
3 -117.923713511 35.3601914946 nan nan
4 -117.138593616 35.5829191172 nan nan
5 -116.373439099 35.5931625201 nan nan
1 0
0 -117.407065279 34.2401437074 nan nan
1 -117.015484257 33.7977211982 nan nan
2 -115.972900224 33.0203162787 nan nan
3 -115.508269749 32.8374844402 nan nan
2 0
0 -115.499048567 32.8305736369 nan nan
1 -115.27855148 32.5929554709 nan nan
3 0
0 -117.932757157 34.1811643396 nan nan
1 -117.36665784 33.6484529302 nan nan
2 -116.799089014 33.2408286657 nan nan
3 -116.175324903 32.8371351327 nan nan
4 -115.746579203 32.5615028089 nan nan
5 -115.482892634 32.3403529389 nan nan
4 0
0 -118.398461246 34.0371286697 nan nan
1 -117.757626675 33.4732978196 nan nan
2 -117.435356047 33.1413407916 nan nan
3 -117.125646803 32.6275641363 nan nan
5 0
0 -117.432157124 34.2374718289 nan nan
1 -117.932757157 34.1811643396 nan nan
6 0
0 -117.932757157 34.1811643396 nan nan
1 -118.481173535 34.0380264899 nan nan
2 -119.022294468 33.9794801905 nan nan
3 -119.663420175 33.9900107146 nan nan
4 -120.562444388 34.1947261967 nan nan
7 0
0 -121.035500661 36.4521123019 nan nan
1 -119.601398635 35.0292220922 nan nan
2 -118.9186708 34.8092702117 nan nan
3 -118.07313082 34.5539037768 nan nan
4 -117.404376253 34.2672946769 nan nan
5 -116.851630132 34.1581102578 nan nan
6 -116.300037008 33.8426918268 nan nan
7 -115.716246925 33.3534821961 nan nan
8 -115.495447627 32.855876216 nan nan
8 0
0 -117.160551329 35.5450689823 nan nan
1 -117.714118516 36.8237067135 nan nan
2 -119.046221801 38.1301936485 nan nan
9 0
0 -117.442603818 35.4929687849 nan nan
1 -117.941201119 36.6198928949 nan nan
2 -119.148724822 37.8920161239 nan nan
10 0
0 -116.667858721 34.0748766147 nan nan
1 -116.763367922 34.8067436085 nan nan
2 -117.17723373 35.5403599738 nan nan
11 0
0 -122.309891526 34.6354224161 nan nan
1 -117.039244683 30.2128245941 nan nan
2 -113.153725576 34.9019220487 nan nan
3 -117.991642917 39.2821635465 nan nan
4 -122.424105654 34.178565903 nan nan
12 0
0 -117.429026284 35.4546180234 nan nan
1 -116.951889616 34.8871687655 nan nan
2 -116.812810769 34.1785583075 nan nan
13 0
0 -116.363439099 35.5931625201 nan nan
1 -116.36346051 35.5925084888 nan nan
2 -116.36352465 35.5918572582 nan nan
3 -116.363631246 35.5912116169 nan nan
4 -116.363779841 35.5905743297 nan nan
5 -116.363969798 35.5899481255 nan nan
6 -116.364200304 35.5893356858 nan nan
7 -116.364470372 35.5887396332 nan nan
8 -116.364778845 35.5881625201 nan nan
9 -116.365124403 35.5876068178 nan nan
10 -116.365505566 35.5870749058 nan nan
11 -116.365920701 35.586569062 nan nan
12 -116.366368031 35.5860914523 nan nan
13 -116.366845641 35.5856441221 nan nan
14 -116.367351485 35.5852289867 nan nan
15 -116.367883397 35.584847824 nan nan
16 -116.368439099 35.5845022661 nan nan
17 -116.369016212 35.5841937927 nan nan
18 -116.369612265 35.5839237248 nan nan
19 -116.370224704 35.5836932188 nan nan
20 -116.370850909 35.5835032619 nan nan
21 -116.371488196 35.5833546673 nan nan
22 -116.372133837 35.5832480715 nan nan
23 -116.372785068 35.5831839309 nan nan
24 -116.373305237 35.5831634161 nan nan
25 -117.137137052 35.5729377207 nan nan
26 -117.918152786 35.3513743918 nan nan
27 -118.02171658 35.2337417649 nan nan
28 -118.022151158 35.2332786689 nan nan
29 -118.022628767 35.2328313387 nan nan
30 -118.023134611 35.2324162033 nan nan
31 -118.023666523 35.2320350406 nan nan
32 -118.024222225 35.2316894827 nan nan
33 -118.024671608 35.2314451379 nan nan
34 -118.538184873 34.9690186647 nan nan
35 -118.538312604 34.9689545361 nan nan
36 -118.538432259 34.9688965147 nan nan
37 -118.857199425 34.8169338186 nan nan
38 -118.857675823 34.816721772 nan nan
39 -118.858288263 34.8164912661 nan nan
40 -118.858914467 34.8163013091 nan nan
41 -118.859551754 34.8161527145 nan nan
42 -118.860197395 34.8160461187 nan nan
43 -118.860848626 34.8159819781 nan nan
44 -118.861502657 34.8159605674 nan nan
45 -118.862156689 34.8159819781 nan nan
46 -118.862807919 34.8160461187 nan nan
47 -118.863453561 34.8161527145 nan nan
48 -118.864090848 34.8163013091 nan nan
49 -118.864717052 34.8164912661 nan nan
50 -118.865329492 34.816721772 nan nan
51 -118.865925544 34.8169918399 nan nan
52 -118.866502657 34.8173003133 nan nan
53 -118.86705836 34.8176458712 nan nan
54 -118.867590272 34.818027034 nan nan
55 -118.868096115 34.8184421693 nan nan
56 -118.868573725 34.8188894995 nan nan
57 -118.869021055 34.8193671092 nan nan
58 -118.869436191 34.8198729531 nan nan
59 -118.869817353 34.820404865 nan nan
60 -118.870162911 34.8209605674 nan nan
61 -118.870471385 34.8215376805 nan nan
62 -118.870741453 34.822133733 nan nan
63 -118.870971959 34.8227461727 nan nan
64 -118.871161916 34.8233723769 nan nan
65 -118.87131051 34.8240096641 nan nan
66 -118.871417106 34.8246553054 nan nan
67 -118.871481247 34.8253065361 nan nan
68 -118.871502657 34.8259605674 nan nan
69 -118.871481247 34.8266145986 nan nan
70 -118.871417106 34.8272658293 nan nan
71 -118.87131051 34.8279114706 nan nan
72 -118.871161916 34.8285487578 nan nan
73 -118.870971959 34.829174962 nan nan
74 -118.870741453 34.8297874017 nan nan
75 -118.870471385 34.8303834543 nan nan
76 -118.870162911 34.8309605674 nan nan
77 -118.869817353 34.8315162697 nan nan
78 -118.869436191 34.8320481816 nan nan
79 -118.869021055 34.8325540255 nan nan
80 -118.868573725 34.8330316352 nan nan
81 -118.868096115 34.8334789654 nan nan
82 -118.867590272 34.8338941008 nan nan
83 -118.86705836 34.8342752635 nan nan
84 -118.866502657 34.8346208214 nan nan
85 -118.865925544 34.8349292948 nan nan
86 -118.865805889 34.8349873162 nan nan
87 -118.547163258 34.9868906438 nan nan
88 -118.035469102 35.2483874773 nan nan
89 -117.931219156 35.3667994664 nan nan
90 -117.930784579 35.3672625624 nan nan
91 -117.93030697 35.3677098927 nan nan
92 -117.929801126 35.368125028 nan nan
93 -117.929269214 35.3685061907 nan nan
94 -117.928713511 35.3688517486 nan nan
95 -117.928136398 35.369160222 nan nan
96 -117.927540346 35.3694302899 nan nan
97 -117.926927906 35.3696607959 nan nan
98 -117.926442679 35.3698118712 nan nan
99 -117.141322783 35.5925394938 nan nan
100 -117.141181806 35.5925783755 nan nan
101 -117.140544519 35.59272697 nan nan
102 -117.139898878 35.5928335658 nan nan
103 -117.139247647 35.5928977065 nan nan
104 -117.138727477 35.5929182212 nan nan
105 -116.373572961 35.6031616242 nan nan
106 -116.372785068 35.6031411094 nan nan
107 -116.372133837 35.6030769688 nan nan
108 -116.371488196 35.6029703729 nan nan
109 -116.370850909 35.6028217784 nan nan
110 -116.370224704 35.6026318214 nan nan
111 -116.369612265 35.6024013155 nan nan
112 -116.369016212 35.6021312476 nan nan
113 -116.368439099 35.6018227742 nan nan
114 -116.367883397 35.6014772163 nan nan
115 -116.367351485 35.6010960535 nan nan
116 -116.366845641 35.6006809182 nan nan
117 -116.366368031 35.600233588 nan nan
118 -116.365920701 35.5997559783 nan nan
119 -116.365505566 35.5992501344 nan nan
120 -116.365124403 35.5987182225 nan nan
121 -116.364778845 35.5981625201 nan nan
122 -116.364470372 35.597585407 nan nan
123 -116.364200304 35.5969893545 nan nan
124 -116.363969798 35.5963769148 nan nan
125 -116.363779841 35.5957507106 nan nan
126 -116.363631246 35.5951134234 nan nan
127 -116.36352465 35.5944677821 nan nan
128 -116.36346051 35.5938165514 nan nan
129 -116.363439099 35.5931625201 nan nan
14 0
0 -115.498269749 32.8374844402 nan nan
1 -115.49829116 32.8368304089 nan nan
2 -115.498355301 32.8361791783 nan nan
3 -115.498461896 32.835533537 nan nan
4 -115.498610491 32.8348962498 nan nan
5 -115.498800448 32.8342700455 nan nan
6 -115.499030954 32.8336576059 nan nan
7 -115.499301022 32.8330615533 nan nan
8 -115.499609495 32.8324844402 nan nan
9 -115.499955053 32.8319287379 nan nan
10 -115.500336216 32.8313968259 nan nan
11 -115.500751351 32.8308909821 nan nan
12 -115.501198681 32.8304133724 nan nan
13 -115.501676291 32.8299660421 nan nan
14 -115.502182135 32.8295509068 nan nan
15 -115.502714047 32.8291697441 nan nan
16 -115.503269749 32.8288241862 nan nan
17 -115.503846862 32.8285157128 nan nan
18 -115.504442915 32.8282456449 nan nan
19 -115.505055355 32.8280151389 nan nan
20 -115.505681559 32.8278251819 nan nan
21 -115.506318846 32.8276765874 nan nan
22 -115.506964487 32.8275699916 nan nan
23 -115.507615718 32.827505851 nan nan
24 -115.508269749 32.8274844402 nan nan
25 -115.508923781 32.827505851 nan nan
26 -115.509575011 32.8275699916 nan nan
27 -115.510220652 32.8276765874 nan nan
28 -115.51085794 32.8278251819 nan nan
29 -115.511484144 32.8280151389 nan nan
30 -115.51193145 32.8281789609 nan nan
31 -115.976561925 33.0110107994 nan nan
32 -115.976727058 33.0110774834 nan nan
33 -115.977323111 33.0113475513 nan nan
34 -115.977900224 33.0116560247 nan nan
35 -115.978455926 33.0120015826 nan nan
36 -115.978877892 33.0122995788 nan nan
37 -117.021461925 33.7897044983 nan nan
38 -117.021571871 33.7897876648 nan nan
39 -117.022077715 33.7902028001 nan nan
40 -117.022555325 33.7906501304 nan nan
41 -117.022972481 33.7910934916 nan nan
42 -117.414553503 34.2335160008 nan nan
43 -117.414583677 34.2335502493 nan nan
44 -117.414998812 34.2340560931 nan nan
45 -117.415379975 34.2345880051 nan nan
46 -117.415725533 34.2351437074 nan nan
47 -117.416034006 34.2357208205 nan nan
48 -117.416304074 34.2363168731 nan nan
49 -117.41653458 34.2369293128 nan nan
50 -117.416724537 34.237555517 nan nan
51 -117.416873131 34.2381928042 nan nan
52 -117.416979727 34.2388384455 nan nan
53 -117.417043868 34.2394896761 nan nan
54 -117.417065279 34.2401437074 nan nan
55 -117.417043868 34.2407977387 nan nan
56 -117.416979727 34.2414489694 nan nan
57 -117.416873131 34.2420946106 nan nan
58 -117.416724537 34.2427318979 nan nan
59 -117.41653458 34.2433581021 nan nan
60 -117.416304074 34.2439705418 nan nan
61 -117.416034006 34.2445665943 nan nan
62 -117.415725533 34.2451437074 nan nan
63 -117.415379975 34.2456994098 nan nan
64 -117.414998812 34.2462313217 nan nan
65 -117.414583677 34.2467371656 nan nan
66 -117.414136346 34.2472147752 nan nan
67 -117.413658737 34.2476621055 nan nan
68 -117.413152893 34.2480772408 nan nan
69 -117.412620981 34.2484584036 nan nan
70 -117.412065279 34.2488039615 nan nan
71 -117.411488165 34.2491124348 nan nan
72 -117.410892113 34.2493825028 nan nan
73 -117.410279673 34.2496130087 nan nan
74 -117.409653469 34.2498029657 nan nan
75 -117.409016182 34.2499515602 nan nan
76 -117.408370541 34.250058156 nan nan
77 -117.40771931 34.2501222967 nan nan
78 -117.407065279 34.2501437074 nan nan
79 -117.406411247 34.2501222967 nan nan
80 -117.405760017 34.250058156 nan nan
81 -117.405114375 34.2499515602 nan nan
82 -117.404477088 34.2498029657 nan nan
83 -117.403850884 34.2496130087 nan nan
84 -117.403238444 34.2493825028 nan nan
85 -117.402642392 34.2491124348 nan nan
86 -117.402065279 34.2488039615 nan nan
87 -117.401509576 34.2484584036 nan nan
88 -117.400977664 34.2480772408 nan nan
89 -117.40047182 34.2476621055 nan nan
90 -117.399994211 34.2472147752 nan nan
91 -117.399577054 34.246771414 nan nan
92 -117.008679674 33.8051213076 nan nan
93 -115.967994384 33.0291321902 nan nan
94 -115.504608048 32.8467899195 nan nan
95 -115.504442915 32.8467232355 nan nan
96 -115.503846862 32.8464531676 nan nan
97 -115.503269749 32.8461446942 nan nan
98 -115.502714047 32.8457991363 nan nan
99 -115.502182135 32.8454179736 nan nan
100 -115.501676291 32.8450028383 nan nan
101 -115.501198681 32.844555508 nan nan
102 -115.500751351 32.8440778984 nan nan
103 -115.500336216 32.8435720545 nan nan
104 -115.499955053 32.8430401425 nan nan
105 -115.499609495 32.8424844402 nan nan
106 -115.499301022 32.8419073271 nan nan
107 -115.499030954 32.8413112745 nan nan
108 -115.498800448 32.8406988349 nan nan
109 -115.498610491 32.8400726307 nan nan
110 -115.498461896 32.8394353434 nan nan
111 -115.498355301 32.8387897021 nan nan
112 -115.49829116 32.8381384715 nan nan
113 -115.498269749 32.8374844402 nan nan
15 0
0 -115.506378783 32.8237715838 nan nan
1 -115.506566965 32.8239801788 nan nan
2 -115.5069821 32.8244860227 nan nan
3 -115.507363263 32.8250179346 nan nan
4 -115.507708821 32.8255736369 nan nan
5 -115.508017294 32.82615075 nan nan
6 -115.508287362 32.8267468026 nan nan
7 -115.508517868 32.8273592423 nan nan
8 -115.508707825 32.8279854465 nan nan
9 -115.50885642 32.8286227337 nan nan
10 -115.508963016 32.829268375 nan nan
11 -115.509027156 32.8299196056 nan nan
12 -115.509048567 32.8305736369 nan nan
13 -115.509027156 32.8312276682 nan nan
14 -115.508963016 32.8318788989 nan nan
15 -115.50885642 32.8325245402 nan nan
16 -115.508707825 32.8331618274 nan nan
17 -115.508517868 32.8337880316 nan nan
18 -115.508287362 32.8344004713 nan nan
19 -115.508017294 32.8349965238 nan nan
20 -115.507708821 32.8355736369 nan nan
21 -115.507363263 32.8361293393 nan nan
22 -115.5069821 32.8366612512 nan nan
23 -115.506566965 32.8371670951 nan nan
24 -115.506119635 32.8376447048 nan nan
25 -115.505642025 32.838092035 nan nan
26 -115.505136181 32.8385071703 nan nan
27 -115.504604269 32.8388883331 nan nan
28 -115.504048567 32.839233891 nan nan
29 -115.503471454 32.8395423644 nan nan
30 -115.502875401 32.8398124323 nan nan
31 -115.502262962 32.8400429382 nan nan
32 -115.501636757 32.8402328952 nan nan
33 -115.50099947 32.8403814897 nan nan
34 -115.500353829 32.8404880856 nan nan
35 -115.499702598 32.8405522262 nan nan
36 -115.499048567 32.8405736369 nan nan
37 -115.498394536 32.8405522262 nan nan
38 -115.497743305 32.8404880856 nan nan
39 -115.497097664 32.8403814897 nan nan
40 -115.496460377 32.8402328952 nan nan
41 -115.495834172 32.8400429382 nan nan
42 -115.495221733 32.8398124323 nan nan
43 -115.49462568 32.8395423644 nan nan
44 -115.494048567 32.839233891 nan nan
45 -115.493492865 32.8388883331 nan nan
46 -115.492960953 32.8385071703 nan nan
47 -115.492455109 32.838092035 nan nan
48 -115.491977499 32.8376447048 nan nan
49 -115.491718351 32.83737569 nan nan
50 -115.271221263 32.599757524 nan nan
51 -115.271033082 32.5995489291 nan nan
52 -115.270617946 32.5990430852 nan nan
53 -115.270236784 32.5985111733 nan nan
54 -115.269891226 32.5979554709 nan nan
55 -115.269582752 32.5973783578 nan nan
56 -115.269312684 32.5967823053 nan nan
57 -115.269082178 32.5961698656 nan nan
58 -115.268892221 32.5955436614 nan nan
59 -115.268743627 32.5949063742 nan nan
60 -115.268637031 32.5942607329 nan nan
61 -115.268572891 32.5936095022 nan nan
62 -115.26855148 32.5929554709 nan nan
63 -115.268572891 32.5923014396 nan nan
64 -115.268637031 32.591650209 nan nan
65 -115.268743627 32.5910045677 nan nan
66 -115.268892221 32.5903672805 nan nan
67 -115.269082178 32.5897410763 nan nan
68 -115.269312684 32.5891286366 nan nan
69 -115.269582752 32.588532584 nan nan
70 -115.269891226 32.5879554709 nan nan
71 -115.270236784 32.5873997686 nan nan
72 -115.270617946 32.5868678566 nan nan
73 -115.271033082 32.5863620128 nan nan
74 -115.271480412 32.5858844031 nan nan
75 -115.271958022 32.5854370729 nan nan
76 -115.272463865 32.5850219375 nan nan
77 -115.272995777 32.5846407748 nan nan
78 -115.27355148 32.5842952169 nan nan
79 -115.274128593 32.5839867435 nan nan
80 -115.274724645 32.5837166756 nan nan
81 -115.275337085 32.5834861696 nan nan
82 -115.275963289 32.5832962127 nan nan
83 -115.276600577 32.5831476181 nan nan
84 -115.277246218 32.5830410223 nan nan
85 -115.277897448 32.5829768817 nan nan
86 -115.27855148 32.5829554709 nan nan
87 -115.279205511 32.5829768817 nan nan
88 -115.279856742 32.5830410223 nan nan
89 -115.280502383 32.5831476181 nan nan
90 -115.28113967 32.5832962127 nan nan
91 -115.281765874 32.5834861696 nan nan
92 -115.282378314 32.5837166756 nan nan
93 -115.282974367 32.5839867435 nan nan
94 -115.28355148 32.5842952169 nan nan
95 -115.284107182 32.5846407748 nan nan
96 -115.284639094 32.5850219375 nan nan
97 -115.285144938 32.5854370729 nan nan
98 -115.285622548 32.5858844031 nan nan
99 -115.285881696 32.5861534178 nan nan
100 -115.506378783 32.8237715838 nan nan
16 0
0 -115.472892634 32.3403529389 nan nan
1 -115.472914045 32.3396989076 nan nan
2 -115.472978186 32.3390476769 nan nan
3 -115.473084782 32.3384020356 nan nan
4 -115.473233376 32.3377647484 nan nan
5 -115.473423333 32.3371385442 nan nan
6 -115.473653839 32.3365261045 nan nan
7 -115.473923907 32.335930052 nan nan
8 -115.47423238 32.3353529389 nan nan
9 -115.474577938 32.3347972365 nan nan
10 -115.474959101 32.3342653246 nan nan
11 -115.475374236 32.3337594807 nan nan
12 -115.475821567 32.3332818711 nan nan
13 -115.476299176 32.3328345408 nan nan
14 -115.47680502 32.3324194055 nan nan
15 -115.477336932 32.3320382427 nan nan
16 -115.477892634 32.3316926848 nan nan
17 -115.478469747 32.3313842114 nan nan
18 -115.4790658 32.3311141435 nan nan
19 -115.47967824 32.3308836376 nan nan
20 -115.480304444 32.3306936806 nan nan
21 -115.480941731 32.3305450861 nan nan
22 -115.481587372 32.3304384903 nan nan
23 -115.482238603 32.3303743496 nan nan
24 -115.482892634 32.3303529389 nan nan
25 -115.483546666 32.3303743496 nan nan
26 -115.484197896 32.3304384903 nan nan
27 -115.484843538 32.3305450861 nan nan
28 -115.485480825 32.3306936806 nan nan
29 -115.486107029 32.3308836376 nan nan
30 -115.486719469 32.3311141435 nan nan
31 -115.487315521 32.3313842114 nan nan
32 -115.487892634 32.3316926848 nan nan
33 -115.488448337 32.3320382427 nan nan
34 -115.488980249 32.3324194055 nan nan
35 -115.489318644 32.3326909289 nan nan
36 -115.752519813 32.5534337013 nan nan
37 -116.180732619 32.828723438 nan nan
38 -116.180758189 32.8287399313 nan nan
39 -116.804522299 33.2324334642 nan nan
40 -116.804644716 33.2325139695 nan nan
41 -116.804922394 33.2327063705 nan nan
42 -117.37249122 33.640330635 nan nan
43 -117.372745455 33.6405193968 nan nan
44 -117.373251299 33.6409345321 nan nan
45 -117.373510887 33.6411703656 nan nan
46 -117.939610204 34.173881775 nan nan
47 -117.939828225 34.1740932718 nan nan
48 -117.940275555 34.1745708814 nan nan
49 -117.940690691 34.1750767253 nan nan
50 -117.941071853 34.1756086372 nan nan
51 -117.941417411 34.1761643396 nan nan
52 -117.941725885 34.1767414527 nan nan
53 -117.941995953 34.1773375052 nan nan
54 -117.942226459 34.1779499449 nan nan
55 -117.942416416 34.1785761491 nan nan
56 -117.94256501 34.1792134363 nan nan
57 -117.942671606 34.1798590776 nan nan
58 -117.942735747 34.1805103083 nan nan
59 -117.942757157 34.1811643396 nan nan
60 -117.942735747 34.1818183709 nan nan
61 -117.942671606 34.1824696015 nan nan
62 -117.94256501 34.1831152428 nan nan
63 -117.942416416 34.18375253 nan nan
64 -117.942226459 34.1843787342 nan nan
65 -117.941995953 34.1849911739 nan nan
66 -117.941725885 34.1855872265 nan nan
67 -117.941417411 34.1861643396 nan nan
68 -117.941071853 34.1867200419 nan nan
69 -117.940690691 34.1872519539 nan nan
70 -117.940275555 34.1877577977 nan nan
71 -117.939828225 34.1882354074 nan nan
72 -117.939350616 34.1886827376 nan nan
73 -117.938844772 34.189097873 nan nan
74 -117.93831286 34.1894790357 nan nan
75 -117.937757157 34.1898245936 nan nan
76 -117.937180044 34.190133067 nan nan
77 -117.936583992 34.1904031349 nan nan
78 -117.935971552 34.1906336409 nan nan
79 -117.935345348 34.1908235978 nan nan
80 -117.934708061 34.1909721924 nan nan
81 -117.934062419 34.1910787882 nan nan
82 -117.933411189 34.1911429288 nan nan
83 -117.932757157 34.1911643396 nan nan
84 -117.932103126 34.1911429288 nan nan
85 -117.931451895 34.1910787882 nan nan
86 -117.930806254 34.1909721924 nan nan
87 -117.930168967 34.1908235978 nan nan
88 -117.929542763 34.1906336409 nan nan
89 -117.928930323 34.1904031349 nan nan
90 -117.92833427 34.190133067 nan nan
91 -117.927757157 34.1898245936 nan nan
92 -117.927201455 34.1894790357 nan nan
93 -117.926669543 34.189097873 nan nan
94 -117.926163699 34.1886827376 nan nan
95 -117.92590411 34.1884469041 nan nan
96 -117.360286836 33.6561891066 nan nan
97 -116.793452376 33.2490922596 nan nan
98 -116.16990439 32.8455386003 nan nan
99 -115.741171487 32.5699145036 nan nan
100 -115.741023501 32.569817505 nan nan
101 -115.740491589 32.5694363423 nan nan
102 -115.740153193 32.5691648189 nan nan
103 -115.476466624 32.3480149488 nan nan
104 -115.476299176 32.3478713369 nan nan
105 -115.475821567 32.3474240067 nan nan
106 -115.475374236 32.346946397 nan nan
107 -115.474959101 32.3464405532 nan nan
108 -115.474577938 32.3459086412 nan nan
109 -115.47423238 32.3453529389 nan nan
110 -115.473923907 32.3447758258 nan nan
111 -115.473653839 32.3441797732 nan nan
112 -115.473423333 32.3435673335 nan nan
113 -115.473233376 32.3429411293 nan nan
114 -115.473084782 32.3423038421 nan nan
115 -115.472978186 32.3416582008 nan nan
116 -115.472914045 32.3410069702 nan nan
117 -115.472892634 32.3403529389 nan nan
17 0
0 -117.115646803 32.6275641363 nan nan
1 -117.115668214 32.626910105 nan nan
2 -117.115732355 32.6262588744 nan nan
3 -117.11583895 32.6256132331 nan nan
4 -117.115987545 32.6249759459 nan nan
5 -117.116177502 32.6243497417 nan nan
6 -117.116408008 32.623737302 nan nan
7 -117.116678076 32.6231412494 nan nan
8 -117.116986549 32.6225641363 nan nan
9 -117.117332107 32.622008434 nan nan
10 -117.11771327 32.6214765221 nan nan
11 -117.118128405 32.6209706782 nan nan
12 -117.118575735 32.6204930685 nan nan
13 -117.119053345 32.6200457383 nan nan
14 -117.119559189 32.6196306029 nan nan
15 -117.120091101 32.6192494402 nan nan
16 -117.120646803 32.6189038823 nan nan
17 -117.121223916 32.6185954089 nan nan
18 -117.121819969 32.618325341 nan nan
19 -117.122432408 32.618094835 nan nan
20 -117.123058613 32.6179048781 nan nan
21 -117.1236959 32.6177562835 nan nan
22 -117.124341541 32.6176496877 nan nan
23 -117.124992772 32.6175855471 nan nan
24 -117.125646803 32.6175641363 nan nan
25 -117.126300834 32.6175855471 nan nan
26 -117.126952065 32.6176496877 nan nan
27 -117.127597706 32.6177562835 nan nan
28 -117.128234994 32.6179048781 nan nan
29 -117.128861198 32.618094835 nan nan
30 -117.129473637 32.618325341 nan nan
31 -117.13006969 32.6185954089 nan nan
32 -117.130646803 32.6189038823 nan nan
33 -117.131202505 32.6192494402 nan nan
34 -117.131734417 32.6196306029 nan nan
35 -117.132240261 32.6200457383 nan nan
36 -117.132717871 32.6204930685 nan nan
37 -117.133165201 32.6209706782 nan nan
38 -117.133580337 32.6214765221 nan nan
39 -117.133961499 32.622008434 nan nan
40 -117.1342111 32.6224015 nan nan
41 -117.44332895 33.1351970926 nan nan
42 -117.764527623 33.4660499459 nan nan
43 -118.405066841 34.0296209328 nan nan
44 -118.405532314 34.0300576019 nan nan
45 -118.405979644 34.0305352116 nan nan
46 -118.40639478 34.0310410554 nan nan
47 -118.406775942 34.0315729674 nan nan
48 -118.4071215 34.0321286697 nan nan
49 -118.407429974 34.0327057828 nan nan
50 -118.407700042 34.0333018354 nan nan
51 -118.407930548 34.0339142751 nan nan
52 -118.408120504 34.0345404793 nan nan
53 -118.408269099 34.0351777665 nan nan
54 -118.408375695 34.0358234078 nan nan
55 -118.408439835 34.0364746384 nan nan
56 -118.408461246 34.0371286697 nan nan
57 -118.408439835 34.037782701 nan nan
58 -118.408375695 34.0384339316 nan nan
59 -118.408269099 34.0390795729 nan nan
60 -118.408120504 34.0397168602 nan nan
61 -118.407930548 34.0403430644 nan nan
62 -118.407700042 34.040955504 nan nan
63 -118.407429974 34.0415515566 nan nan
64 -118.4071215 34.0421286697 nan nan
65 -118.406775942 34.042684372 nan nan
66 -118.40639478 34.043216284 nan nan
67 -118.405979644 34.0437221279 nan nan
68 -118.405532314 34.0441997375 nan nan
69 -118.405054704 34.0446470678 nan nan
70 -118.404548861 34.0450622031 nan nan
71 -118.404016949 34.0454433658 nan nan
72 -118.403461246 34.0457889237 nan nan
73 -118.402884133 34.0460973971 nan nan
74 -118.402288081 34.046367465 nan nan
75 -118.401675641 34.046597971 nan nan
76 -118.401049437 34.046787928 nan nan
77 -118.400412149 34.0469365225 nan nan
78 -118.399766508 34.0470431183 nan nan
79 -118.399115278 34.0471072589 nan nan
80 -118.398461246 34.0471286697 nan nan
81 -118.397807215 34.0471072589 nan nan
82 -118.397155984 34.0470431183 nan nan
83 -118.396510343 34.0469365225 nan nan
84 -118.395873056 34.046787928 nan nan
85 -118.395246852 34.046597971 nan nan
86 -118.394634412 34.046367465 nan nan
87 -118.394038359 34.0460973971 nan nan
88 -118.393461246 34.0457889237 nan nan
89 -118.392905544 34.0454433658 nan nan
90 -118.392373632 34.0450622031 nan nan
91 -118.391867788 34.0446470678 nan nan
92 -118.391855651 34.0446364066 nan nan
93 -117.75102108 33.4808055565 nan nan
94 -117.750555607 33.4803688874 nan nan
95 -117.7504517 33.4802634308 nan nan
96 -117.428181072 33.1483064028 nan nan
97 -117.427837649 33.1479342498 nan nan
98 -117.427422513 33.1474284059 nan nan
99 -117.427041351 33.1468964939 nan nan
100 -117.426791749 33.1465034279 nan nan
101 -117.117082506 32.6327267726 nan nan
102 -117.116986549 32.6325641363 nan nan
103 -117.116678076 32.6319870232 nan nan
104 -117.116408008 32.6313909707 nan nan
105 -117.116177502 32.630778531 nan nan
106 -117.115987545 32.6301523268 nan nan
107 -117.11583895 32.6295150396 nan nan
108 -117.115732355 32.6288693983 nan nan
109 -117.115668214 32.6282181676 nan nan
110 -117.115646803 32.6275641363 nan nan
18 0
0 -117.433274875 34.2474091641 nan nan
1 -117.432811155 34.2474504181 nan nan
2 -117.432157124 34.2474718289 nan nan
3 -117.431503093 34.2474504181 nan nan
4 -117.430851862 34.2473862775 nan nan
5 -117.430206221 34.2472796817 nan nan
6 -117.429568934 34.2471310871 nan nan
7 -117.428942729 34.2469411302 nan nan
8 -117.42833029 34.2467106242 nan nan
9 -117.427734237 34.2464405563 nan nan
10 -117.427157124 34.2461320829 nan nan
11 -117.426601422 34.245786525 nan nan
12 -117.42606951 34.2454053623 nan nan
13 -117.425563666 34.2449902269 nan nan
14 -117.425086056 34.2445428967 nan nan
15 -117.424638726 34.244065287 nan nan
16 -117.424223591 34.2435594432 nan nan
17 -117.423842428 34.2430275312 nan nan
18 -117.42349687 34.2424718289 nan nan
19 -117.423188397 34.2418947158 nan nan
20 -117.422918329 34.2412986632 nan nan
21 -117.422687823 34.2406862235 nan nan
22 -117.422497866 34.2400600193 nan nan
23 -117.422349271 34.2394227321 nan nan
24 -117.422242675 34.2387770908 nan nan
25 -117.422178535 34.2381258602 nan nan
26 -117.422157124 34.2374718289 nan nan
27 -117.422178535 34.2368177976 nan nan
28 -117.422242675 34.236166567 nan nan
29 -117.422349271 34.2355209257 nan nan
30 -117.422497866 34.2348836384 nan nan
31 -117.422687823 34.2342574342 nan nan
32 -117.422918329 34.2336449946 nan nan
33 -117.423188397 34.233048942 nan nan
34 -117.42349687 34.2324718289 nan nan
35 -117.423842428 34.2319161265 nan nan
36 -117.424223591 34.2313842146 nan nan
37 -117.424638726 34.2308783707 nan nan
38 -117.425086056 34.2304007611 nan nan
39 -117.425563666 34.2299534308 nan nan
40 -117.42606951 34.2295382955 nan nan
41 -117.426601422 34.2291571328 nan nan
42 -117.427157124 34.2288115748 nan nan
43 -117.427734237 34.2285031015 nan nan
44 -117.42833029 34.2282330335 nan nan
45 -117.428942729 34.2280025276 nan nan
46 -117.429568934 34.2278125706 nan nan
47 -117.430206221 34.2276639761 nan nan
48 -117.430851862 34.2275573803 nan nan
49 -117.431039373 34.2275344936 nan nan
50 -117.931639406 34.1712270043 nan nan
51 -117.932103126 34.1711857503 nan nan
52 -117.932757157 34.1711643396 nan nan
53 -117.933411189 34.1711857503 nan nan
54 -117.934062419 34.171249891 nan nan
55 -117.934708061 34.1713564868 nan nan
56 -117.935345348 34.1715050813 nan nan
57 -117.935971552 34.1716950383 nan nan
58 -117.936583992 34.1719255442 nan nan
59 -117.937180044 34.1721956121 nan nan
60 -117.937757157 34.1725040855 nan nan
61 -117.93831286 34.1728496434 nan nan
62 -117.938844772 34.1732308062 nan nan
63 -117.939350616 34.1736459415 nan nan
64 -117.939828225 34.1740932718 nan nan
65 -117.940275555 34.1745708814 nan nan
66 -117.940690691 34.1750767253 nan nan
67 -117.941071853 34.1756086372 nan nan
68 -117.941417411 34.1761643396 nan nan
69 -117.941725885 34.1767414527 nan nan
70 -117.941995953 34.1773375052 nan nan
71 -117.942226459 34.1779499449 nan nan
72 -117.942416416 34.1785761491 nan nan
73 -117.94256501 34.1792134363 nan nan
74 -117.942671606 34.1798590776 nan nan
75 -117.942735747 34.1805103083 nan nan
76 -117.942757157 34.1811643396 nan nan
77 -117.942735747 34.1818183709 nan nan
78 -117.942671606 34.1824696015 nan nan
79 -117.94256501 34.1831152428 nan nan
80 -117.942416416 34.18375253 nan nan
81 -117.942226459 34.1843787342 nan nan
82 -117.941995953 34.1849911739 nan nan
83 -117.941725885 34.1855872265 nan nan
84 -117.941417411 34.1861643396 nan nan
85 -117.941071853 34.1867200419 nan nan
86 -117.940690691 34.1872519539 nan nan
87 -117.940275555 34.1877577977 nan nan
88 -117.939828225 34.1882354074 nan nan
89 -117.939350616 34.1886827376 nan nan
90 -117.938844772 34.189097873 nan nan
91 -117.93831286 34.1894790357 nan nan
92 -117.937757157 34.1898245936 nan nan
93 -117.937180044 34.190133067 nan nan
94 -117.936583992 34.1904031349 nan nan
95 -117.935971552 34.1906336409 nan nan
96 -117.935345348 34.1908235978 nan nan
97 -117.934708061 34.1909721924 nan nan
98 -117.934062419 34.1910787882 nan nan
99 -117.933874909 34.1911016748 nan nan
100 -117.433274875 34.2474091641 nan nan
19 0
0 -120.572444388 34.1947261967 nan nan
1 -120.572422977 34.195380228 nan nan
2 -120.572358836 34.1960314586 nan nan
3 -120.572252241 34.1966770999 nan nan
4 -120.572103646 34.1973143871 nan nan
5 -120.571913689 34.1979405913 nan nan
6 -120.571683183 34.198553031 nan nan
7 -120.571413115 34.1991490836 nan nan
8 -120.571104642 34.1997261967 nan nan
9 -120.570759084 34.200281899 nan nan
10 -120.570377921 34.200813811 nan nan
11 -120.569962786 34.2013196548 nan nan
12 -120.569515456 34.2017972645 nan nan
13 -120.569037846 34.2022445947 nan nan
14 -120.568532002 34.2026597301 nan nan
15 -120.56800009 34.2030408928 nan nan
16 -120.567444388 34.2033864507 nan nan
17 -120.566867275 34.2036949241 nan nan
18 -120.566271222 34.203964992 nan nan
19 -120.565658782 34.204195498 nan nan
20 -120.565032578 34.2043854549 nan nan
21 -120.564395291 34.2045340495 nan nan
22 -120.56374965 34.2046406453 nan nan
23 -120.563098419 34.2047047859 nan nan
24 -120.562444388 34.2047261967 nan nan
25 -120.561790356 34.2047047859 nan nan
26 -120.561139126 34.2046406453 nan nan
27 -120.560493485 34.2045340495 nan nan
28 -120.560224136 34.2044766061 nan nan
29 -119.662215013 33.9999922685 nan nan
30 -119.02275195 33.9894890535 nan nan
31 -118.482983911 34.047888977 nan nan
32 -117.935282577 34.1908401989 nan nan
33 -117.934708061 34.1909721924 nan nan
34 -117.934062419 34.1910787882 nan nan
35 -117.933411189 34.1911429288 nan nan
36 -117.932757157 34.1911643396 nan nan
37 -117.932103126 34.1911429288 nan nan
38 -117.931451895 34.1910787882 nan nan
39 -117.930806254 34.1909721924 nan nan
40 -117.930168967 34.1908235978 nan nan
41 -117.929542763 34.1906336409 nan nan
42 -117.928930323 34.1904031349 nan nan
43 -117.92833427 34.190133067 nan nan
44 -117.927757157 34.1898245936 nan nan
45 -117.927201455 34.1894790357 nan nan
46 -117.926669543 34.189097873 nan nan
47 -117.926163699 34.1886827376 nan nan
48 -117.92568609 34.1882354074 nan nan
49 -117.925238759 34.1877577977 nan nan
50 -117.924823624 34.1872519539 nan nan
51 -117.924442461 34.1867200419 nan nan
52 -117.924096903 34.1861643396 nan nan
53 -117.92378843 34.1855872265 nan nan
54 -117.923518362 34.1849911739 nan nan
55 -117.923287856 34.1843787342 nan nan
56 -117.923097899 34.18375253 nan nan
57 -117.922949305 34.1831152428 nan nan
58 -117.922842709 34.1824696015 nan nan
59 -117.922778568 34.1818183709 nan nan
60 -117.922757157 34.1811643396 nan nan
61 -117.922778568 34.1805103083 nan nan
62 -117.922842709 34.1798590776 nan nan
63 -117.922949305 34.1792134363 nan nan
64 -117.923097899 34.1785761491 nan nan
65 -117.923287856 34.1779499449 nan nan
66 -117.923518362 34.1773375052 nan nan
67 -117.92378843 34.1767414527 nan nan
68 -117.924096903 34.1761643396 nan nan
69 -117.924442461 34.1756086372 nan nan
70 -117.924823624 34.1750767253 nan nan
71 -117.925238759 34.1745708814 nan nan
72 -117.92568609 34.1740932718 nan nan
73 -117.926163699 34.1736459415 nan nan
74 -117.926669543 34.1732308062 nan nan
75 -117.927201455 34.1728496434 nan nan
76 -117.927757157 34.1725040855 nan nan
77 -117.92833427 34.1721956121 nan nan
78 -117.928930323 34.1719255442 nan nan
79 -117.929542763 34.1716950383 nan nan
80 -117.930168967 34.1715050813 nan nan
81 -117.930231737 34.1714884802 nan nan
82 -118.478648115 34.0283506305 nan nan
83 -118.479222631 34.0282186371 nan nan
84 -118.479868273 34.0281120413 nan nan
85 -118.480097867 34.0280845112 nan nan
86 -119.021218801 33.9695382118 nan nan
87 -119.021640437 33.9695016013 nan nan
88 -119.022294468 33.9694801905 nan nan
89 -119.022458697 33.9694815391 nan nan
90 -119.663584404 33.9800120632 nan nan
91 -119.664074207 33.9800321253 nan nan
92 -119.664725437 33.9800962659 nan nan
93 -119.665371078 33.9802028618 nan nan
94 -119.665640427 33.9802603051 nan nan
95 -120.564664639 34.1849757873 nan nan
96 -120.565032578 34.1850669384 nan nan
97 -120.565658782 34.1852568954 nan nan
98 -120.566271222 34.1854874013 nan nan
99 -120.566867275 34.1857574693 nan nan
100 -120.567444388 34.1860659426 nan nan
101 -120.56800009 34.1864115005 nan nan
102 -120.568532002 34.1867926633 nan nan
103 -120.569037846 34.1872077986 nan nan
104 -120.569515456 34.1876551289 nan nan
105 -120.569962786 34.1881327385 nan nan
106 -120.570377921 34.1886385824 nan nan
107 -120.570759084 34.1891704943 nan nan
108 -120.571104642 34.1897261967 nan nan
109 -120.571413115 34.1903033098 nan nan
110 -120.571683183 34.1908993623 nan nan
111 -120.571913689 34.191511802 nan nan
112 -120.572103646 34.1921380062 nan nan
113 -120.572252241 34.1927752934 nan nan
114 -120.572358836 34.1934209347 nan nan
115 -120.572422977 34.1940721654 nan nan
116 -120.572444388 34.1947261967 nan nan
20 0
0 -115.485447627 32.855876216 nan nan
1 -115.485469038 32.8552221847 nan nan
2 -115.485533178 32.8545709541 nan nan
3 -115.485639774 32.8539253128 nan nan
4 -115.485788368 32.8532880256 nan nan
5 -115.485978325 32.8526618214 nan nan
6 -115.486208831 32.8520493817 nan nan
7 -115.486478899 32.8514533291 nan nan
8 -115.486787373 32.850876216 nan nan
9 -115.487132931 32.8503205137 nan nan
10 -115.487514093 32.8497886017 nan nan
11 -115.487929229 32.8492827579 nan nan
12 -115.488376559 32.8488051482 nan nan
13 -115.488854169 32.8483578179 nan nan
14 -115.489360012 32.8479426826 nan nan
15 -115.489891924 32.8475615199 nan nan
16 -115.490447627 32.847215962 nan nan
17 -115.49102474 32.8469074886 nan nan
18 -115.491620792 32.8466374207 nan nan
19 -115.492233232 32.8464069147 nan nan
20 -115.492859436 32.8462169578 nan nan
21 -115.493496724 32.8460683632 nan nan
22 -115.494142365 32.8459617674 nan nan
23 -115.494793595 32.8458976268 nan nan
24 -115.495447627 32.845876216 nan nan
25 -115.496101658 32.8458976268 nan nan
26 -115.496752889 32.8459617674 nan nan
27 -115.49739853 32.8460683632 nan nan
28 -115.498035817 32.8462169578 nan nan
29 -115.498662021 32.8464069147 nan nan
30 -115.499274461 32.8466374207 nan nan
31 -115.499870514 32.8469074886 nan nan
32 -115.500447627 32.847215962 nan nan
33 -115.501003329 32.8475615199 nan nan
34 -115.501535241 32.8479426826 nan nan
35 -115.502041085 32.8483578179 nan nan
36 -115.502518695 32.8488051482 nan nan
37 -115.502966025 32.8492827579 nan nan
38 -115.50338116 32.8497886017 nan nan
39 -115.503762323 32.8503205137 nan nan
40 -115.504107881 32.850876216 nan nan
41 -115.504416354 32.8514533291 nan nan
42 -115.504588187 32.8518203375 nan nan
43 -115.724447033 33.3473068597 nan nan
44 -116.305775813 33.834453946 nan nan
45 -116.855173502 34.1486169573 nan nan
46 -117.406314118 34.2574842394 nan nan
47 -117.406327157 34.2574868241 nan nan
48 -117.406964444 34.2576354186 nan nan
49 -117.407590648 34.2578253756 nan nan
50 -117.408203088 34.2580558815 nan nan
51 -117.408315446 34.2581032266 nan nan
52 -118.076556658 34.5444923174 nan nan
53 -118.921561978 34.7996972763 nan nan
54 -118.921737255 34.7997519738 nan nan
55 -119.60446509 35.0197038543 nan nan
56 -119.604613029 35.0197527909 nan nan
57 -119.605225469 35.0199832968 nan nan
58 -119.605821522 35.0202533647 nan nan
59 -119.606398635 35.0205618381 nan nan
60 -119.606954337 35.020907396 nan nan
61 -119.607486249 35.0212885588 nan nan
62 -119.607992093 35.0217036941 nan nan
63 -119.608441899 35.0221233297 nan nan
64 -121.042543925 36.4450135394 nan nan
65 -121.042571729 36.4450412341 nan nan
66 -121.043019059 36.4455188437 nan nan
67 -121.043434194 36.4460246876 nan nan
68 -121.043815357 36.4465565996 nan nan
69 -121.044160915 36.4471123019 nan nan
70 -121.044469388 36.447689415 nan nan
71 -121.044739456 36.4482854676 nan nan
72 -121.044969962 36.4488979072 nan nan
73 -121.045159919 36.4495241114 nan nan
74 -121.045308514 36.4501613987 nan nan
75 -121.04541511 36.45080704 nan nan
76 -121.04547925 36.4514582706 nan nan
77 -121.045500661 36.4521123019 nan nan
78 -121.04547925 36.4527663332 nan nan
79 -121.04541511 36.4534175638 nan nan
80 -121.045308514 36.4540632051 nan nan
81 -121.045159919 36.4547004923 nan nan
82 -121.044969962 36.4553266965 nan nan
83 -121.044739456 36.4559391362 nan nan
84 -121.044469388 36.4565351888 nan nan
85 -121.044160915 36.4571123019 nan nan
86 -121.043815357 36.4576680042 nan nan
87 -121.043434194 36.4581999162 nan nan
88 -121.043019059 36.45870576 nan nan
89 -121.042571729 36.4591833697 nan nan
90 -121.042094119 36.4596307 nan nan
91 -121.041588275 36.4600458353 nan nan
92 -121.041056363 36.460426998 nan nan
93 -121.040500661 36.4607725559 nan nan
94 -121.039923548 36.4610810293 nan nan
95 -121.039327495 36.4613510972 nan nan
96 -121.038715056 36.4615816032 nan nan
97 -121.038088852 36.4617715602 nan nan
98 -121.037451564 36.4619201547 nan nan
99 -121.036805923 36.4620267505 nan nan
100 -121.036154692 36.4620908911 nan nan
101 -121.035500661 36.4621123019 nan nan
102 -121.03484663 36.4620908911 nan nan
103 -121.034195399 36.4620267505 nan nan
104 -121.033549758 36.4619201547 nan nan
105 -121.032912471 36.4617715602 nan nan
106 -121.032286266 36.4615816032 nan nan
107 -121.031673827 36.4613510972 nan nan
108 -121.031077774 36.4610810293 nan nan
109 -121.030500661 36.4607725559 nan nan
110 -121.029944959 36.460426998 nan nan
111 -121.029413047 36.4600458353 nan nan
112 -121.028907203 36.4596307 nan nan
113 -121.028457397 36.4592110643 nan nan
114 -119.596054258 35.0380064607 nan nan
115 -118.915691733 34.8188166029 nan nan
116 -118.070239642 34.5634767121 nan nan
117 -118.069916425 34.5633730781 nan nan
118 -118.069303986 34.5631425721 nan nan
119 -118.069191627 34.5630952271 nan nan
120 -117.401405128 34.2769010133 nan nan
121 -116.849692268 34.1679206953 nan nan
122 -116.849679229 34.1679181107 nan nan
123 -116.849041942 34.1677695161 nan nan
124 -116.848415738 34.1675795591 nan nan
125 -116.847803298 34.1673490532 nan nan
126 -116.847207245 34.1670789853 nan nan
127 -116.846666105 34.1667911814 nan nan
128 -116.295072981 33.8513727504 nan nan
129 -116.295037008 33.8513520809 nan nan
130 -116.294481306 33.851006523 nan nan
131 -116.293949394 33.8506253603 nan nan
132 -116.293614129 33.8503564615 nan nan
133 -115.709824046 33.3611468307 nan nan
134 -115.709653467 33.3610005941 nan nan
135 -115.709175857 33.3605532639 nan nan
136 -115.708728527 33.3600756542 nan nan
137 -115.708313391 33.3595698104 nan nan
138 -115.707932229 33.3590378984 nan nan
139 -115.707586671 33.3584821961 nan nan
140 -115.707278197 33.357905083 nan nan
141 -115.707106364 33.3575380745 nan nan
142 -115.486307066 32.8599320945 nan nan
143 -115.486208831 32.8597030503 nan nan
144 -115.485978325 32.8590906107 nan nan
145 -115.485788368 32.8584644065 nan nan
146 -115.485639774 32.8578271192 nan nan
147 -115.485533178 32.8571814779 nan nan
148 -115.485469038 32.8565302473 nan nan
149 -115.485447627 32.855876216 nan nan
21 0
0 -119.056221801 38.1301936485 nan nan
1 -119.056200391 38.1308476798 nan nan
2 -119.05613625 38.1314989104 nan nan
3 -119.056029654 38.1321445517 nan nan
4 -119.05588106 38.1327818389 nan nan
5 -119.055691103 38.1334080431 nan nan
6 -119.055460597 38.1340204828 nan nan
7 -119.055190529 38.1346165354 nan nan
8 -119.054882055 38.1351936485 nan nan
9 -119.054536497 38.1357493508 nan nan
10 -119.054155335 38.1362812628 nan nan
11 -119.053740199 38.1367871066 nan nan
12 -119.053292869 38.1372647163 nan nan
13 -119.052815259 38.1377120465 nan nan
14 -119.052309416 38.1381271819 nan nan
15 -119.051777504 38.1385083446 nan nan
16 -119.051221801 38.1388539025 nan nan
17 -119.050644688 38.1391623759 nan nan
18 -119.050048636 38.1394324438 nan nan
19 -119.049436196 38.1396629498 nan nan
20 -119.048809992 38.1398529067 nan nan
21 -119.048172705 38.1400015013 nan nan
22 -119.047527063 38.1401080971 nan nan
23 -119.046875833 38.1401722377 nan nan
24 -119.046221801 38.1401936485 nan nan
25 -119.04556777 38.1401722377 nan nan
26 -119.044916539 38.1401080971 nan nan
27 -119.044270898 38.1400015013 nan nan
28 -119.043633611 38.1398529067 nan nan
29 -119.043007407 38.1396629498 nan nan
30 -119.042394967 38.1394324438 nan nan
31 -119.041798914 38.1391623759 nan nan
32 -119.041221801 38.1388539025 nan nan
33 -119.040666099 38.1385083446 nan nan
34 -119.040134187 38.1381271819 nan nan
35 -119.039628343 38.1377120465 nan nan
36 -119.039219712 38.1373330282 nan nan
37 -117.707116426 36.8308460933 nan nan
38 -117.707047448 36.8307777813 nan nan
39 -117.706600118 36.8303001717 nan nan
40 -117.706184982 36.8297943278 nan nan
41 -117.70580382 36.8292624159 nan nan
42 -117.705458262 36.8287067135 nan nan
43 -117.705149788 36.8281296004 nan nan
44 -117.704941627 36.8276797111 nan nan
45 -117.15137444 35.5490419798 nan nan
46 -117.151312534 35.5488958166 nan nan
47 -117.151082028 35.5482833769 nan nan
48 -117.150892071 35.5476571727 nan nan
49 -117.150743477 35.5470198855 nan nan
50 -117.150636881 35.5463742442 nan nan
51 -117.15057274 35.5457230135 nan nan
52 -117.150551329 35.5450689823 nan nan
53 -117.15057274 35.544414951 nan nan
54 -117.150636881 35.5437637203 nan nan
55 -117.150743477 35.543118079 nan nan
56 -117.150892071 35.5424807918 nan nan
57 -117.151082028 35.5418545876 nan nan
58 -117.151312534 35.5412421479 nan nan
59 -117.151582602 35.5406460953 nan nan
60 -117.151891075 35.5400689823 nan nan
61 -117.152236633 35.5395132799 nan nan
62 -117.152617796 35.538981368 nan nan
63 -117.153032931 35.5384755241 nan nan
64 -117.153480262 35.5379979144 nan nan
65 -117.153957871 35.5375505842 nan nan
66 -117.154463715 35.5371354488 nan nan
67 -117.154995627 35.5367542861 nan nan
68 -117.155551329 35.5364087282 nan nan
69 -117.156128442 35.5361002548 nan nan
70 -117.156724495 35.5358301869 nan nan
71 -117.157336935 35.535599681 nan nan
72 -117.157963139 35.535409724 nan nan
73 -117.158600426 35.5352611294 nan nan
74 -117.159246067 35.5351545336 nan nan
75 -117.159897298 35.535090393 nan nan
76 -117.160551329 35.5350689823 nan nan
77 -117.161205361 35.535090393 nan nan
78 -117.161856591 35.5351545336 nan nan
79 -117.162502233 35.5352611294 nan nan
80 -117.16313952 35.535409724 nan nan
81 -117.163765724 35.535599681 nan nan
82 -117.164378164 35.5358301869 nan nan
83 -117.164974216 35.5361002548 nan nan
84 -117.165551329 35.5364087282 nan nan
85 -117.166107032 35.5367542861 nan nan
86 -117.166638944 35.5371354488 nan nan
87 -117.167144787 35.5375505842 nan nan
88 -117.167622397 35.5379979144 nan nan
89 -117.168069727 35.5384755241 nan nan
90 -117.168484863 35.538981368 nan nan
91 -117.168866025 35.5395132799 nan nan
92 -117.169211583 35.5400689823 nan nan
93 -117.169520057 35.5406460953 nan nan
94 -117.169728218 35.5410959847 nan nan
95 -117.722517851 36.8179377103 nan nan
96 -119.053223891 38.1230542687 nan nan
97 -119.053292869 38.1231225807 nan nan
98 -119.053740199 38.1236001903 nan nan
99 -119.054155335 38.1241060342 nan nan
100 -119.054536497 38.1246379461 nan nan
101 -119.054882055 38.1251936485 nan nan
102 -119.055190529 38.1257707616 nan nan
103 -119.055460597 38.1263668141 nan nan
104 -119.055691103 38.1269792538 nan nan
105 -119.05588106 38.127605458 nan nan
106 -119.056029654 38.1282427452 nan nan
107 -119.05613625 38.1288883865 nan nan
108 -119.056200391 38.1295396172 nan nan
109 -119.056221801 38.1301936485 nan nan
22 0
0 -119.158724822 37.8920161239 nan nan
1 -119.158703411 37.8926701552 nan nan
2 -119.158639271 37.8933213859 nan nan
3 -119.158532675 37.8939670272 nan nan
4 -119.15838408 37.8946043144 nan nan
5 -119.158194123 37.8952305186 nan nan
6 -119.157963617 37.8958429583 nan nan
7 -119.157693549 37.8964390108 nan nan
8 -119.157385076 37.8970161239 nan nan
9 -119.157039518 37.8975718263 nan nan
10 -119.156658355 37.8981037382 nan nan
11 -119.15624322 37.8986095821 nan nan
12 -119.15579589 37.8990871917 nan nan
13 -119.15531828 37.899534522 nan nan
14 -119.154812436 37.8999496573 nan nan
15 -119.154280524 37.9003308201 nan nan
16 -119.153724822 37.900676378 nan nan
17 -119.153147709 37.9009848514 nan nan
18 -119.152551656 37.9012549193 nan nan
19 -119.151939217 37.9014854252 nan nan
20 -119.151313012 37.9016753822 nan nan
21 -119.150675725 37.9018239767 nan nan
22 -119.150030084 37.9019305725 nan nan
23 -119.149378853 37.9019947132 nan nan
24 -119.148724822 37.9020161239 nan nan
25 -119.148070791 37.9019947132 nan nan
26 -119.14741956 37.9019305725 nan nan
27 -119.146773919 37.9018239767 nan nan
28 -119.146136632 37.9016753822 nan nan
29 -119.145510427 37.9014854252 nan nan
30 -119.144897988 37.9012549193 nan nan
31 -119.144301935 37.9009848514 nan nan
32 -119.143724822 37.900676378 nan nan
33 -119.14316912 37.9003308201 nan nan
34 -119.142637208 37.8999496573 nan nan
35 -119.142131364 37.899534522 nan nan
36 -119.141653754 37.8990871917 nan nan
37 -119.141472 37.8989006411 nan nan
38 -117.933948298 36.6267774121 nan nan
39 -117.933682721 36.6264863531 nan nan
40 -117.933267586 36.6259805092 nan nan
41 -117.932886423 36.6254485973 nan nan
42 -117.932540865 36.6248928949 nan nan
43 -117.932232392 36.6243157818 nan nan
44 -117.932056217 36.6239389738 nan nan
45 -117.433458915 35.4970148637 nan nan
46 -117.433365022 35.4967956192 nan nan
47 -117.433134516 35.4961831795 nan nan
48 -117.43294456 35.4955569753 nan nan
49 -117.432795965 35.4949196881 nan nan
50 -117.432689369 35.4942740468 nan nan
51 -117.432625229 35.4936228161 nan nan
52 -117.432603818 35.4929687849 nan nan
53 -117.432625229 35.4923147536 nan nan
54 -117.432689369 35.4916635229 nan nan
55 -117.432795965 35.4910178816 nan nan
56 -117.43294456 35.4903805944 nan nan
57 -117.433134516 35.4897543902 nan nan
58 -117.433365022 35.4891419505 nan nan
59 -117.43363509 35.488545898 nan nan
60 -117.433943564 35.4879687849 nan nan
61 -117.434289122 35.4874130825 nan nan
62 -117.434670284 35.4868811706 nan nan
63 -117.43508542 35.4863753267 nan nan
64 -117.43553275 35.485897717 nan nan
65 -117.43601036 35.4854503868 nan nan
66 -117.436516204 35.4850352515 nan nan
67 -117.437048115 35.4846540887 nan nan
68 -117.437603818 35.4843085308 nan nan
69 -117.438180931 35.4840000574 nan nan
70 -117.438776983 35.4837299895 nan nan
71 -117.439389423 35.4834994836 nan nan
72 -117.440015627 35.4833095266 nan nan
73 -117.440652915 35.4831609321 nan nan
74 -117.441298556 35.4830543362 nan nan
75 -117.441949786 35.4829901956 nan nan
76 -117.442603818 35.4829687849 nan nan
77 -117.443257849 35.4829901956 nan nan
78 -117.44390908 35.4830543362 nan nan
79 -117.444554721 35.4831609321 nan nan
80 -117.445192008 35.4833095266 nan nan
81 -117.445818212 35.4834994836 nan nan
82 -117.446430652 35.4837299895 nan nan
83 -117.447026705 35.4840000574 nan nan
84 -117.447603818 35.4843085308 nan nan
85 -117.44815952 35.4846540887 nan nan
86 -117.448691432 35.4850352515 nan nan
87 -117.449197276 35.4854503868 nan nan
88 -117.449674886 35.485897717 nan nan
89 -117.450122216 35.4863753267 nan nan
90 -117.450537351 35.4868811706 nan nan
91 -117.450918514 35.4874130825 nan nan
92 -117.451264072 35.4879687849 nan nan
93 -117.451572545 35.488545898 nan nan
94 -117.451748721 35.488922706 nan nan
95 -117.949645648 36.6142638378 nan nan
96 -119.155977644 37.8851316068 nan nan
97 -119.15624322 37.8854226658 nan nan
98 -119.156658355 37.8859285096 nan nan
99 -119.157039518 37.8864604216 nan nan
100 -119.157385076 37.8870161239 nan nan
101 -119.157693549 37.887593237 nan nan
102 -119.157963617 37.8881892896 nan nan
103 -119.158194123 37.8888017293 nan nan
104 -119.15838408 37.8894279335 nan nan
105 -119.158532675 37.8900652207 nan nan
106 -119.158639271 37.890710862 nan nan
107 -119.158703411 37.8913620926 nan nan
108 -119.158724822 37.8920161239 nan nan
23 0
0 -117.18723373 35.5403599738 nan nan
1 -117.18721232 35.5410140051 nan nan
2 -117.187148179 35.5416652357 nan nan
3 -117.187041583 35.542310877 nan nan
4 -117.186892989 35.5429481643 nan nan
5 -117.186703032 35.5435743685 nan nan
6 -117.186472526 35.5441868081 nan nan
7 -117.186202458 35.5447828607 nan nan
8 -117.185893985 35.5453599738 nan nan
9 -117.185548427 35.5459156762 nan nan
10 -117.185167264 35.5464475881 nan nan
11 -117.184752129 35.546953432 nan nan
12 -117.184304798 35.5474310416 nan nan
13 -117.183827189 35.5478783719 nan nan
14 -117.183321345 35.5482935072 nan nan
15 -117.182789433 35.5486746699 nan nan
16 -117.18223373 35.5490202279 nan nan
17 -117.181656617 35.5493287012 nan nan
18 -117.181060565 35.5495987691 nan nan
19 -117.180448125 35.5498292751 nan nan
20 -117.179821921 35.5500192321 nan nan
21 -117.179184634 35.5501678266 nan nan
22 -117.178538992 35.5502744224 nan nan
23 -117.177887762 35.5503385631 nan nan
24 -117.17723373 35.5503599738 nan nan
25 -117.176579699 35.5503385631 nan nan
26 -117.175928469 35.5502744224 nan nan
27 -117.175282827 35.5501678266 nan nan
28 -117.17464554 35.5500192321 nan nan
29 -117.174019336 35.5498292751 nan nan
30 -117.173406896 35.5495987691 nan nan
31 -117.172810844 35.5493287012 nan nan
32 -117.17223373 35.5490202279 nan nan
33 -117.171678028 35.5486746699 nan nan
34 -117.171146116 35.5482935072 nan nan
35 -117.170640272 35.5478783719 nan nan
36 -117.170162663 35.5474310416 nan nan
37 -117.169715332 35.546953432 nan nan
38 -117.169300197 35.5464475881 nan nan
39 -117.168919034 35.5459156762 nan nan
40 -117.168573476 35.5453599738 nan nan
41 -117.168524103 35.5452734643 nan nan
42 -116.754658294 34.811657099 nan nan
43 -116.754399194 34.8111664954 nan nan
44 -116.754129126 34.8105704428 nan nan
45 -116.75389862 34.8099580031 nan nan
46 -116.753708663 34.8093317989 nan nan
47 -116.753560069 34.8086945117 nan nan
48 -116.753453473 34.8080488704 nan nan
49 -116.753452001 34.8080376436 nan nan
50 -116.6579428 34.0761706499 nan nan
51 -116.657880131 34.075530646 nan nan
52 -116.657858721 34.0748766147 nan nan
53 -116.657880131 34.0742225834 nan nan
54 -116.657944272 34.0735713528 nan nan
55 -116.658050868 34.0729257115 nan nan
56 -116.658199462 34.0722884243 nan nan
57 -116.658389419 34.0716622201 nan nan
58 -116.658619925 34.0710497804 nan nan
59 -116.658889993 34.0704537278 nan nan
60 -116.659198467 34.0698766147 nan nan
61 -116.659544024 34.0693209124 nan nan
62 -116.659925187 34.0687890004 nan nan
63 -116.660340322 34.0682831566 nan nan
64 -116.660787653 34.0678055469 nan nan
65 -116.661265262 34.0673582166 nan nan
66 -116.661771106 34.0669430813 nan nan
67 -116.662303018 34.0665619186 nan nan
68 -116.662858721 34.0662163607 nan nan
69 -116.663435834 34.0659078873 nan nan
70 -116.664031886 34.0656378194 nan nan
71 -116.664644326 34.0654073134 nan nan
72 -116.66527053 34.0652173564 nan nan
73 -116.665907817 34.0650687619 nan nan
74 -116.666553459 34.0649621661 nan nan
75 -116.667204689 34.0648980255 nan nan
76 -116.667858721 34.0648766147 nan nan
77 -116.668512752 34.0648980255 nan nan
78 -116.669163982 34.0649621661 nan nan
79 -116.669809624 34.0650687619 nan nan
80 -116.670446911 34.0652173564 nan nan
81 -116.671073115 34.0654073134 nan nan
82 -116.671685555 34.0656378194 nan nan
83 -116.672281607 34.0659078873 nan nan
84 -116.672858721 34.0662163607 nan nan
85 -116.673414423 34.0665619186 nan nan
86 -116.673946335 34.0669430813 nan nan
87 -116.674452179 34.0673582166 nan nan
88 -116.674929788 34.0678055469 nan nan
89 -116.675377119 34.0682831566 nan nan
90 -116.675792254 34.0687890004 nan nan
91 -116.676173417 34.0693209124 nan nan
92 -116.676518975 34.0698766147 nan nan
93 -116.676827448 34.0704537278 nan nan
94 -116.677097516 34.0710497804 nan nan
95 -116.677328022 34.0716622201 nan nan
96 -116.677517979 34.0722884243 nan nan
97 -116.677666573 34.0729257115 nan nan
98 -116.677773169 34.0735713528 nan nan
99 -116.677774641 34.0735825796 nan nan
100 -116.773032375 34.8035226378 nan nan
101 -117.185943358 35.5354464833 nan nan
102 -117.186202458 35.5359370869 nan nan
103 -117.186472526 35.5365331395 nan nan
104 -117.186703032 35.5371455792 nan nan
105 -117.186892989 35.5377717834 nan nan
106 -117.187041583 35.5384090706 nan nan
107 -117.187148179 35.5390547119 nan nan
108 -117.18721232 35.5397059425 nan nan
109 -117.18723373 35.5403599738 nan nan
24 0
0 -122.431655699 34.1851230993 nan nan
1 -122.160661504 34.4971494867 nan nan
2 -122.316319402 34.6277619716 nan nan
3 -122.316484984 34.627904018 nan nan
4 -122.316962594 34.6283513483 nan nan
5 -122.317409924 34.6288289579 nan nan
6 -122.31782506 34.6293348018 nan nan
7 -122.318206222 34.6298667137 nan nan
8 -122.31855178 34.6304224161 nan nan
9 -122.318860254 34.6309995292 nan nan
10 -122.319130321 34.6315955817 nan nan
11 -122.319360827 34.6322080214 nan nan
12 -122.319550784 34.6328342256 nan nan
13 -122.319699379 34.6334715128 nan nan
14 -122.319805975 34.6341171541 nan nan
15 -122.319870115 34.6347683848 nan nan
16 -122.319891526 34.6354224161 nan nan
17 -122.319870115 34.6360764474 nan nan
18 -122.319805975 34.636727678 nan nan
19 -122.319699379 34.6373733193 nan nan
20 -122.319550784 34.6380106065 nan nan
21 -122.319360827 34.6386368107 nan nan
22 -122.319130321 34.6392492504 nan nan
23 -122.318860254 34.639845303 nan nan
24 -122.31855178 34.6404224161 nan nan
25 -122.318206222 34.6409781184 nan nan
26 -122.31782506 34.6415100304 nan nan
27 -122.317409924 34.6420158742 nan nan
28 -122.316962594 34.6424934839 nan nan
29 -122.316484984 34.6429408141 nan nan
30 -122.31597914 34.6433559495 nan nan
31 -122.315447228 34.6437371122 nan nan
32 -122.314891526 34.6440826701 nan nan
33 -122.314314413 34.6443911435 nan nan
34 -122.31371836 34.6446612114 nan nan
35 -122.313105921 34.6448917174 nan nan
36 -122.312479717 34.6450816743 nan nan
37 -122.311842429 34.6452302689 nan nan
38 -122.311196788 34.6453368647 nan nan
39 -122.310545557 34.6454010053 nan nan
40 -122.309891526 34.6454224161 nan nan
41 -122.309237495 34.6454010053 nan nan
42 -122.308586264 34.6453368647 nan nan
43 -122.307940623 34.6452302689 nan nan
44 -122.307303336 34.6450816743 nan nan
45 -122.306677131 34.6448917174 nan nan
46 -122.306064692 34.6446612114 nan nan
47 -122.305468639 34.6443911435 nan nan
48 -122.304891526 34.6440826701 nan nan
49 -122.304335824 34.6437371122 nan nan
50 -122.303803912 34.6433559495 nan nan
51 -122.30346365 34.6430828605 nan nan
52 -122.147545215 34.5122517594 nan nan
53 -117.999192962 39.2887207429 nan nan
54 -117.999161315 39.2887570047 nan nan
55 -117.998713985 39.2892346143 nan nan
56 -117.998236376 39.2896819446 nan nan
57 -117.997730532 39.2900970799 nan nan
58 -117.99719862 39.2904782426 nan nan
59 -117.996642917 39.2908238006 nan nan
60 -117.996065804 39.2911322739 nan nan
61 -117.995469752 39.2914023418 nan nan
62 -117.994857312 39.2916328478 nan nan
63 -117.994231108 39.2918228048 nan nan
64 -117.993593821 39.2919713993 nan nan
65 -117.992948179 39.2920779951 nan nan
66 -117.992296949 39.2921421357 nan nan
67 -117.991642917 39.2921635465 nan nan
68 -117.990988886 39.2921421357 nan nan
69 -117.990337655 39.2920779951 nan nan
70 -117.989692014 39.2919713993 nan nan
71 -117.989054727 39.2918228048 nan nan
72 -117.988428523 39.2916328478 nan nan
73 -117.987816083 39.2914023418 nan nan
74 -117.98722003 39.2911322739 nan nan
75 -117.986642917 39.2908238006 nan nan
76 -117.986087215 39.2904782426 nan nan
77 -117.985555303 39.2900970799 nan nan
78 -117.985049459 39.2896819446 nan nan
79 -117.984931191 39.2895765573 nan nan
80 -113.147013849 34.9093350595 nan nan
81 -113.146654508 34.9089931165 nan nan
82 -113.146207178 34.9085155069 nan nan
83 -113.145792042 34.908009663 nan nan
84 -113.14541088 34.9074777511 nan nan
85 -113.145065322 34.9069220487 nan nan
86 -113.144756848 34.9063449356 nan nan
87 -113.14448678 34.905748883 nan nan
88 -113.144256274 34.9051364434 nan nan
89 -113.144066317 34.9045102392 nan nan
90 -113.143917723 34.9038729519 nan nan
91 -113.143811127 34.9032273106 nan nan
92 -113.143746986 34.90257608 nan nan
93 -113.143725576 34.9019220487 nan nan
94 -113.143746986 34.9012680174 nan nan
95 -113.143811127 34.9006167868 nan nan
96 -113.143917723 34.8999711455 nan nan
97 -113.144066317 34.8993338583 nan nan
98 -113.144256274 34.8987076541 nan nan
99 -113.14448678 34.8980952144 nan nan
100 -113.144756848 34.8974991618 nan nan
101 -113.145065322 34.8969220487 nan nan
102 -113.14541088 34.8963663464 nan nan
103 -113.145792042 34.8958344344 nan nan
104 -113.145792042 34.8958344344 nan nan
105 -113.146025575 34.8955416102 nan nan
106 -117.031544683 30.2064441556 nan nan
107 -117.031726285 30.206231136 nan nan
108 -117.032173615 30.2057535263 nan nan
109 -117.032651225 30.205306196 nan nan
110 -117.033157069 30.2048910607 nan nan
111 -117.033688981 30.204509898 nan nan
112 -117.034244683 30.2041643401 nan nan
113 -117.034821796 30.2038558667 nan nan
114 -117.035417849 30.2035857988 nan nan
115 -117.036030289 30.2033552928 nan nan
116 -117.036656493 30.2031653358 nan nan
117 -117.03729378 30.2030167413 nan nan
118 -117.037939421 30.2029101455 nan nan
119 -117.038590652 30.2028460049 nan nan
120 -117.039244683 30.2028245941 nan nan
121 -117.039898714 30.2028460049 nan nan
122 -117.040549945 30.2029101455 nan nan
123 -117.041195586 30.2030167413 nan nan
124 -117.041832874 30.2031653358 nan nan
125 -117.042459078 30.2033552928 nan nan
126 -117.043071518 30.2035857988 nan nan
127 -117.04366757 30.2038558667 nan nan
128 -117.044244683 30.2041643401 nan nan
129 -117.044800386 30.204509898 nan nan
130 -117.045332297 30.2048910607 nan nan
131 -117.045672559 30.2051641497 nan nan
132 -122.1453384 34.4842918759 nan nan
133 -122.41655561 34.1720087066 nan nan
134 -122.416587256 34.1719724448 nan nan
135 -122.417034587 34.1714948351 nan nan
136 -122.417512196 34.1710475049 nan nan
137 -122.41801804 34.1706323695 nan nan
138 -122.418549952 34.1702512068 nan nan
139 -122.419105654 34.1699056489 nan nan
140 -122.419682767 34.1695971755 nan nan
141 -122.42027882 34.1693271076 nan nan
142 -122.42089126 34.1690966017 nan nan
143 -122.421517464 34.1689066447 nan nan
144 -122.422154751 34.1687580501 nan nan
145 -122.422800392 34.1686514543 nan nan
146 -122.423451623 34.1685873137 nan nan
147 -122.424105654 34.168565903 nan nan
148 -122.424759686 34.1685873137 nan nan
149 -122.425410916 34.1686514543 nan nan
150 -122.426056558 34.1687580501 nan nan
151 -122.426693845 34.1689066447 nan nan
152 -122.427320049 34.1690966017 nan nan
153 -122.427932489 34.1693271076 nan nan
154 -122.428528541 34.1695971755 nan nan
155 -122.429105654 34.1699056489 nan nan
156 -122.429661357 34.1702512068 nan nan
157 -122.430193269 34.1706323695 nan nan
158 -122.430699113 34.1710475049 nan nan
159 -122.431176722 34.1714948351 nan nan
160 -122.431624052 34.1719724448 nan nan
161 -122.432039188 34.1724782887 nan nan
162 -122.432420351 34.1730102006 nan nan
163 -122.432765908 34.173565903 nan nan
164 -122.433074382 34.174143016 nan nan
165 -122.43334445 34.1747390686 nan nan
166 -122.433574956 34.1753515083 nan nan
167 -122.433764913 34.1759777125 nan nan
168 -122.433913507 34.1766149997 nan nan
169 -122.434020103 34.177260641 nan nan
170 -122.434084244 34.1779118717 nan nan
171 -122.434105654 34.178565903 nan nan
172 -122.434084244 34.1792199342 nan nan
173 -122.434020103 34.1798711649 nan nan
174 -122.433913507 34.1805168062 nan nan
175 -122.433764913 34.1811540934 nan nan
176 -122.433574956 34.1817802976 nan nan
177 -122.43334445 34.1823927373 nan nan
178 -122.433074382 34.1829887899 nan nan
179 -122.432765908 34.183565903 nan nan
180 -122.432420351 34.1841216053 nan nan
181 -122.432039188 34.1846535172 nan nan
182 -122.431655699 34.1851230993 nan nan
24 1
0 -122.132222111 34.4993941485 nan nan
1 -117.040524713 30.22695274 nan nan
2 -113.167532287 34.9009328246 nan nan
3 -117.99078692 39.2678987329 nan nan
4 -122.132222111 34.4993941485 nan nan
25 0
0 -116.802810769 34.1785583075 nan nan
1 -116.80283218 34.1779042762 nan nan
2 -116.80289632 34.1772530456 nan nan
3 -116.803002916 34.1766074043 nan nan
4 -116.803151511 34.1759701171 nan nan
5 -116.803341468 34.1753439129 nan nan
6 -116.803571974 34.1747314732 nan nan
7 -116.803842042 34.1741354206 nan nan
8 -116.804150515 34.1735583075 nan nan
9 -116.804496073 34.1730026052 nan nan
10 -116.804877236 34.1724706932 nan nan
11 -116.805292371 34.1719648494 nan nan
12 -116.805739701 34.1714872397 nan nan
13 -116.806217311 34.1710399095 nan nan
14 -116.806723155 34.1706247741 nan nan
15 -116.807255067 34.1702436114 nan nan
16 -116.807810769 34.1698980535 nan nan
17 -116.808387882 34.1695895801 nan nan
18 -116.808983935 34.1693195122 nan nan
19 -116.809596374 34.1690890062 nan nan
20 -116.810222578 34.1688990493 nan nan
21 -116.810859866 34.1687504547 nan nan
22 -116.811505507 34.1686438589 nan nan
23 -116.812156738 34.1685797183 nan nan
24 -116.812810769 34.1685583075 nan nan
25 -116.8134648 34.1685797183 nan nan
26 -116.814116031 34.1686438589 nan nan
27 -116.814761672 34.1687504547 nan nan
28 -116.815398959 34.1688990493 nan nan
29 -116.816025164 34.1690890062 nan nan
30 -116.816637603 34.1693195122 nan nan
31 -116.817233656 34.1695895801 nan nan
32 -116.817810769 34.1698980535 nan nan
33 -116.818366471 34.1702436114 nan nan
34 -116.818898383 34.1706247741 nan nan
35 -116.819404227 34.1710399095 nan nan
36 -116.819881837 34.1714872397 nan nan
37 -116.820329167 34.1719648494 nan nan
38 -116.820744302 34.1724706932 nan nan
39 -116.821125465 34.1730026052 nan nan
40 -116.821471023 34.1735583075 nan nan
41 -116.821779496 34.1741354206 nan nan
42 -116.822049564 34.1747314732 nan nan
43 -116.82228007 34.1753439129 nan nan
44 -116.822470027 34.1759701171 nan nan
45 -116.822618622 34.1766074043 nan nan
46 -116.822623552 34.1766323544 nan nan
47 -116.961205132 34.8827092254 nan nan
48 -117.436680148 35.448182313 nan nan
49 -117.436959817 35.4485304091 nan nan
50 -117.43734098 35.4490623211 nan nan
51 -117.437686538 35.4496180234 nan nan
52 -117.437995011 35.4501951365 nan nan
53 -117.438265079 35.4507911891 nan nan
54 -117.438495585 35.4514036287 nan nan
55 -117.438685542 35.4520298329 nan nan
56 -117.438834136 35.4526671202 nan nan
57 -117.438940732 35.4533127615 nan nan
58 -117.439004873 35.4539639921 nan nan
59 -117.439026284 35.4546180234 nan nan
60 -117.439004873 35.4552720547 nan nan
61 -117.438940732 35.4559232853 nan nan
62 -117.438834136 35.4565689266 nan nan
63 -117.438685542 35.4572062138 nan nan
64 -117.438495585 35.457832418 nan nan
65 -117.438265079 35.4584448577 nan nan
66 -117.437995011 35.4590409103 nan nan
67 -117.437686538 35.4596180234 nan nan
68 -117.43734098 35.4601737257 nan nan
69 -117.436959817 35.4607056377 nan nan
70 -117.436544682 35.4612114815 nan nan
71 -117.436097351 35.4616890912 nan nan
72 -117.435619742 35.4621364215 nan nan
73 -117.435113898 35.4625515568 nan nan
74 -117.434581986 35.4629327195 nan nan
75 -117.434026284 35.4632782774 nan nan
76 -117.433449171 35.4635867508 nan nan
77 -117.432853118 35.4638568187 nan nan
78 -117.432240678 35.4640873247 nan nan
79 -117.431614474 35.4642772817 nan nan
80 -117.430977187 35.4644258762 nan nan
81 -117.430331546 35.464532472 nan nan
82 -117.429680315 35.4645966126 nan nan
83 -117.429026284 35.4646180234 nan nan
84 -117.428372252 35.4645966126 nan nan
85 -117.427721022 35.464532472 nan nan
86 -117.42707538 35.4644258762 nan nan
87 -117.426438093 35.4642772817 nan nan
88 -117.425811889 35.4640873247 nan nan
89 -117.425199449 35.4638568187 nan nan
90 -117.424603397 35.4635867508 nan nan
91 -117.424026284 35.4632782774 nan nan
92 -117.423470581 35.4629327195 nan nan
93 -117.422938669 35.4625515568 nan nan
94 -117.422432826 35.4621364215 nan nan
95 -117.421955216 35.4616890912 nan nan
96 -117.421507886 35.4612114815 nan nan
97 -117.42137242 35.4610537338 nan nan
98 -116.944235752 34.8936044759 nan nan
99 -116.943956082 34.8932563798 nan nan
100 -116.94357492 34.8927244678 nan nan
101 -116.943229362 34.8921687655 nan nan
102 -116.942920888 34.8915916524 nan nan
103 -116.942650821 34.8909955998 nan nan
104 -116.942420315 34.8903831602 nan nan
105 -116.942230358 34.889756956 nan nan
106 -116.942081763 34.8891196687 nan nan
107 -116.942076833 34.8890947186 nan nan
108 -116.802997986 34.1804842606 nan nan
109 -116.80289632 34.1798635695 nan nan
110 -116.80283218 34.1792123388 nan nan
111 -116.802810769 34.1785583075 nan nan
END