2015        2689 2700 2296 2688
2016        2700 2689 2303 2301
2017        2307 2702 2316 2703
2018        2702 2307 2697 2699
2019        2365 2281 2283 2340
2020        2365 2641 2640 2281
2021        2640 2639 2318 2281
2022        2281 2318 2309 2283
2023        2302 2675 2340 2692
2024        2283 2282 2692 2340
2025        2316 2702 2291 2296
2026        2316 2296 2700 2298
2027        2316 2298 2297 2703
2028        2674 2684 2696 2701
2029        2305 2701 2696 2307
2030        2697 2678 2669 2677
2031        2696 2678 2697 2307
2032        2294 2693 2688 2295
2033        2291 2295 2688 2296
2034        2293 2282 2283 2309
2035        2293 2674 2701 2282
2036        2282 2701 2305 2692
2037        2339 2365 2340 2675
2038        2671 2339 2675 2687
2039        2318 2639 2653 2341
2040        2307 2703 2297 2305
2041        2681 2691 2300 2699
2042        2681 2699 2697 2677
2043        2409 2390 2408 2391
2044        2408 2637 2650 2391
2045        2666 2284 2698 2682
2046        2362 2286 2284 2666
2047        2683 2284 2286 2285
2048        2698 2284 2683 2306
2049        2335 2665 2363 2682
2050        2682 2363 2386 2666
2051        2333 2334 2674 2293
2052        2294 2694 2695 2693
2053        2332 2685 2331 2313
2054        2303 2313 2331 2686
2055        2351 2285 2286 2362
2056        2285 2351 2327 2308
2057        2285 2308 2694 2683
2058        2318 2341 2315 2309
2059        2341 2337 2317 2315
2060        2671 2287 2673 2679
2061        2690 2287 2671 2687
2062        2686 2673 2287 2690
2063        2376 2288 2354 2375
2064        2288 2376 2655 2656
2065        2354 2288 2656 2322
2066        2600 2289 2657 2644
2067        2289 2600 2602 2601
2068        2289 2601 2636 2657
2073        2680 2660 2664 2676
2074        2349 2654 2660 2680
2075        2664 2332 2313 2676
2076        2659 2380 2379 2357
2077        2380 2646 2622 2379
2078        2381 2659 2357 2685
2079        2691 2364 2665 2335
2080        2681 2336 2364 2691
2081        2299 2335 2682 2698
2082        2300 2691 2335 2299
2083        2332 2358 2381 2685
2084        2689 2326 2680 2676
2085        2303 2689 2676 2313
2088        2300 2291 2702 2699
2089        2291 2300 2299 2295
2090        2599 2292 2602 2600
2091        2599 2458 2597 2292
2092        2292 2597 2410 2602
2093        2333 2293 2309 2315
2094        2295 2299 2306 2294
2095        2698 2306 2299 2299
2096        2298 2700 2301 2304
2097        2297 2298 2304 2302
2098        2305 2297 2302 2692
2099        2301 2303 2686 2690
2100        2304 2301 2690 2687
2101        2302 2304 2687 2675
2102        2294 2306 2683 2694
2103        2696 2684 2672 2678
2104        2684 2674 2334 2672
2105        2689 2688 2325 2326
2106        2688 2693 2324 2325
2107        2693 2695 2323 2324
2108        2694 2308 2314 2311
2109        2695 2694 2311 2310
2110        2323 2695 2310 2319
2111        2678 2672 2667 2669
2112        2681 2677 2669 2336
2113        2686 2331 2670 2673
2114        2679 2673 2670 2330
2115        2672 2334 2360 2667
2116        2334 2333 2359 2360
2117        2333 2315 2317 2359
2118        2671 2679 2329 2339
2119        2679 2330 2355 2329
2120        2330 2670 2356 2355

2015-2068
2073-2085
2088-2120

*************************************

2121        2670 2331 2668 2356
2122        2331 2685 2357 2668
2123        2336 2669 2667 2361
2124        2314 2308 2327 2328
2125        2314 2328 2353 2312
2126        2311 2314 2312 2321
2127        2310 2311 2321 2320
2128        2319 2310 2320 2342
2129        2323 2319 2345 2346
2130        2324 2323 2346 2347
2131        2325 2324 2347 2348
2132        2326 2325 2348 2350
2133        2680 2326 2350 2349
2134        2668 2357 2379 2378
2135        2356 2668 2378 2658
2136        2355 2356 2658 2377
2137        2329 2355 2377 2338
2138        2339 2329 2338 2365
2139        2667 2360 2385 2361
2140        2360 2359 2384 2385
2141        2359 2317 2383 2384
2142        2362 2666 2386 2372
2143        2351 2362 2372 2373
2144        2327 2351 2373 2352
2145        2328 2327 2352 2661
2146        2353 2328 2661 2374
2147        2312 2353 2354 2322
2148        2354 2353 2374 2375
2149        2321 2312 2322 2344
2150        2320 2321 2344 2343
2151        2342 2320 2343 2650
2152        2364 2336 2361 2663
2153        2665 2364 2663 2387
2154        2363 2665 2387 2662
2155        2386 2363 2662 2610
2156        2383 2317 2337 2382
2157        2332 2664 2660 2358
2158        2345 2319 2342 2651
2159        2345 2651 2366 2367
2160        2346 2345 2367 2368
2161        2347 2346 2368 2369
2162        2348 2347 2369 2370
2163        2350 2348 2370 2371
2164        2349 2350 2371 2647
2165        2344 2322 2656 2648
2166        2343 2344 2648 2649
2167        2650 2343 2649 2391
2168        2651 2342 2650 2637
2169        2372 2386 2610 2631
2170        2383 2382 2616 2615
2171        2384 2383 2615 2614
2172        2385 2384 2614 2613
2173        2361 2385 2613 2612
2174        2663 2361 2612 2611
2175        2387 2663 2611 2605
2176        2662 2387 2605 2609
2177        2610 2662 2609 2604
2178        2373 2372 2631 2630
2179        2352 2373 2630 2629
2180        2661 2352 2629 2628
2181        2374 2661 2628 2627
2182        2375 2374 2627 2626
2183        2376 2375 2626 2625
2184        2655 2376 2625 2603
2185        2358 2660 2654 2645
2186        2381 2358 2645 2618
2187        2659 2381 2618 2619
2188        2380 2659 2619 2620
2189        2646 2380 2620 2621
2190        2378 2379 2622 2623
2191        2658 2378 2623 2624
2192        2377 2658 2624 2643
2193        2338 2377 2643 2642
2194        2365 2338 2642 2641
2195        2337 2341 2653 2652
2196        2382 2337 2652 2638
2197        2616 2382 2638 2617
2198        2654 2349 2647 2397
2199        2366 2651 2644 2657
2200        2366 2657 2636 2606
2201        2367 2366 2606 2635
2202        2368 2367 2635 2607
2203        2369 2368 2607 2634
2204        2370 2369 2634 2608
2205        2371 2370 2608 2633
2206        2647 2371 2633 2632
2207        2391 2649 2392 2409
2208        2649 2648 2393 2392
2209        2648 2656 2394 2393
2210        2656 2655 2395 2394
2211        2655 2603 2396 2395
2212        2396 2603 2427 2428
2213        2603 2625 2426 2427
2214        2625 2626 2425 2426
2215        2626 2627 2424 2425
2216        2627 2628 2423 2424
2217        2628 2629 2422 2423
2218        2629 2630 2421 2422
2219        2630 2631 2400 2421
2220        2631 2610 2446 2400

2121-2220

-----------------------------------
2221        2610 2604 2447 2446
2222        2604 2609 2595 2447
2223        2609 2605 2445 2595
2224        2605 2611 2444 2445
2225        2611 2612 2443 2444
2226        2612 2613 2442 2443
2227        2613 2614 2441 2442
2228        2614 2615 2440 2441
2229        2615 2616 2439 2440
2230        2616 2617 2438 2439
2231        2617 2638 2406 2437
2232        2438 2617 2437 2596
2233        2638 2652 2389 2406
2234        2652 2653 2388 2389
2235        2653 2639 2405 2388
2236        2639 2640 2404 2405
2237        2640 2641 2403 2404
2238        2641 2642 2402 2403
2239        2642 2643 2401 2402
2240        2643 2624 2430 2401
2241        2624 2623 2431 2430
2242        2623 2622 2432 2431
2243        2622 2646 2399 2432
2244        2646 2621 2433 2399
2245        2621 2620 2434 2433
2246        2620 2619 2435 2434
2247        2619 2618 2436 2435
2248        2618 2645 2398 2436
2249        2645 2654 2397 2398
2250        2644 2651 2637 2407
2251        2600 2644 2407 2599
2252        2601 2602 2410 2411
2253        2636 2601 2411 2412
2254        2606 2636 2412 2413
2255        2635 2606 2413 2414
2256        2607 2635 2414 2415
2257        2634 2607 2415 2416
2258        2608 2634 2416 2417
2259        2633 2608 2417 2418
2260        2632 2633 2418 2598
2261        2397 2647 2632 2419
2262        2599 2407 2459 2458
2263        2407 2637 2460 2459
2264        2637 2408 2461 2460
2265        2408 2390 2462 2461
2266        2390 2409 2463 2462
2267        2409 2392 2464 2463
2268        2392 2393 2465 2464
2269        2393 2394 2466 2465
2270        2394 2395 2467 2466
2271        2395 2396 2468 2467
2272        2396 2428 2594 2429
2273        2396 2429 2469 2468
2274        2632 2598 2479 2419
2275        2598 2418 2478 2479
2276        2418 2417 2477 2478
2277        2417 2416 2476 2477
2278        2416 2415 2475 2476
2279        2415 2414 2474 2475
2280        2414 2413 2473 2474
2281        2413 2412 2472 2473
2282        2412 2411 2471 2472
2283        2411 2410 2470 2471
2284        2410 2597 2523 2470
2285        2523 2597 2458 2524
2310        2432 2399 2492 2494
2311        2431 2432 2494 2493
2312        2430 2431 2493 2448
2313        2401 2430 2448 2449
2314        2402 2401 2449 2450
2315        2403 2402 2450 2451
2316        2404 2403 2451 2452
2317        2405 2404 2452 2453
2318        2388 2405 2453 2454
2319        2389 2388 2454 2455
2320        2406 2389 2455 2456
2321        2437 2406 2456 2457
2323        2398 2397 2419 2420
2324        2436 2398 2420 2480
2325        2435 2436 2480 2499
2326        2434 2435 2499 2498
2327        2433 2434 2498 2497
2328        2399 2433 2497 2496
2329        2492 2399 2496 2495
2330        2458 2459 2525 2524
2331        2459 2460 2526 2525
2332        2460 2461 2527 2526
2333        2461 2462 2528 2527
2334        2462 2463 2529 2528
2335        2463 2464 2530 2529
2336        2464 2465 2531 2530
2337        2465 2466 2532 2531
2338        2466 2467 2533 2532
2339        2467 2468 2534 2533
2340        2468 2469 2535 2534
2365        2494 2492 2585 2563
2366        2493 2494 2563 2564
2367        2448 2493 2564 2512
2368        2449 2448 2512 2513
2369        2450 2449 2513 2514

2221-2285
2310-2340
2365-2369

---------------------------------------
2286        2596 2437 2501 2502
2370        2451 2450 2514 2515
2371        2452 2451 2515 2516
2372        2453 2452 2516 2517
2373        2454 2453 2517 2518
2374        2455 2454 2518 2519
2375        2456 2455 2519 2520
2376        2457 2456 2520 2521
2377        2500 2457 2521 2522
2402        2534 2535 2278 2277
2403        2533 2534 2277 2276
2404        2532 2533 2276 2275
2405        2531 2532 2275 2274
2406        2530 2531 2274 2273
2407        2529 2530 2273 2272
2408        2528 2529 2272 2271
2409        2527 2528 2271 2270
2410        2526 2527 2270 2269
2411        2525 2526 2269 2268
2412        2524 2525 2268 2267

2286
2370-2377
2402-2412
