-200 -240 0 45.95 -45.62
-200 -200 0 37.99 -39.75
-200 -160 0 35.04 -38.22
-200 -120 0 37.06 -40.2
-200 -80 0 26.71 -33.71
-200 -40 0 17.46 -31.59
-200 0 0 23.39 -35.92
-200 40 0 17.71 -31.21
-200 80 0 16.01 -31.94
-200 120 0 22.55 -40.01
-160 -240 0 47.40 -46.61
-160 -200 0 38.24 -39.93
-160 -160 0 31.86 -37.87
-160 -120 0 34.96 -42.48
-160 -80 0 22.25 -32.21
-160 -40 0 19.38 -30.38
-160 0 0 30.52 -33.6
-160 40 0 12.53 -26.48
-160 80 0 17.75 -31.65
-160 120 0 22.18 -33.73
-120 -200 0 30.88 -41.87
-120 -160 0 11.54 -36.7
-120 -120 0 36.76 -45.56
-120 -80 0 6.74 -34.65
-120 -40 0 10.60 -39.67
-120 40 0 7.51 -33.44
-120 80 0 20.22 -32.02
-120 120 0 18.84 -29.91
-80 -240 0 42.79 -50.18
-80 -200 0 23.37 -39.96
-80 -160 0 25.90 -34.89
-80 -120 0 15.77 -40.13
-80 -80 0 4.29 -34.73
-80 -40 0 20.17 -37.73
-80 0 0 16.19 -33.3
-80 40 0 10.50 -30.65
-80 80 0 1.87 -36.05
-80 200 0 2.52 30.22
-80 240 0 17.65 30.28
-80 280 0 6.59 24.53
-40 -240 0 28.84 -54.95
-40 -200 0 11.35 -40.89
-40 -160 0 25.56 -38.49
-40 -120 0 15.28 -44.29
-40 -80 0 7.29 -32.45
-40 -40 0 11.80 -30.66
-40 120 0 18.39 -43.58
-40 160 0 47.11 -55.17
0 -320 0 14.98 35.72
0 -200 0 22.82 -31.75
0 -160 0 14.60 -37.04
0 -120 0 24.87 -57.2
0 -40 0 12.85 -39.49
0 0 0 5.30 -30.07
0 40 0 3.81 -26.01
0 80 0 35.65 -43.84
0 120 0 29.58 -38.11
0 160 0 49.48 -48.2
40 -200 0 32.08 -35.37
40 -160 0 31.69 -15.76
40 -40 0 38.64 -22.91
40 0 0 19.67 -24.77
40 40 0 6.01 -28.75
40 80 0 33.48 -45.31
40 120 0 36.59 -36.84
40 160 0 51.96 -44.4
80 -200 0 36.04 -36.39
80 -160 0 34.95 -32.1
80 -80 0 41.86 -27.14
80 -40 0 32.76 -21.9
80 0 0 26.27 -14.07
80 40 0 29.20 -20.1
80 120 0 45.20 -35.24
80 160 0 53.00 -42.49
120 -200 0 34.83 -38.45
120 -160 0 35.21 -36.85
120 -120 0 32.35 -37.39
120 -80 0 22.05 -33.64
120 -40 0 8.60 -25.99
120 40 0 46.50 -39.2
120 80 0 45.53 -36.3
120 120 0 44.65 -33.9
160 -240 0 34.64 -44.85
160 -200 0 31.53 -41.21
160 -160 0 28.28 -39.44
160 -120 0 21.14 -38.1
160 -80 0 7.53 -33.78
160 0 0 21.70 -26
160 40 0 43.28 -40.71
160 80 0 40.50 -39.76
160 120 0 37.87 -38.03
160 160 0 46.30 -42.27
200 -240 0 32.47 -46.13
200 -200 0 28.18 -42.96
200 -160 0 23.13 -39.99
200 -120 0 15.85 -36.2
200 -80 0 8.30 -29.18
200 -40 0 11.60 -23.32
200 0 0 26.96 -29.9
200 40 0 43.13 -40.03
200 80 0 37.88 -38.87
200 120 0 38.18 -38.11
200 160 0 44.94 -42.28
240 -320 0 40.15 -47.09
240 -280 0 36.15 -47.7
240 -240 0 31.36 -46.05
240 -200 0 26.30 -43.16
240 -160 0 20.73 -39.58
240 -120 0 15.27 -34.93
240 -80 0 12.30 -29.79
240 -40 0 16.17 -27.47
240 0 0 29.04 -33.11
240 40 0 37.61 -40.32
240 80 0 35.71 -39.96
240 120 0 37.48 -39.35
240 160 0 43.38 -42.5
280 -240 0 32.66 -44.43
280 -200 0 26.30 -42.04
280 -160 0 19.91 -38.79
280 -120 0 14.35 -35.25
280 -80 0 10.93 -32.36
280 -40 0 13.96 -32.04
280 0 0 25.74 -36.29
280 40 0 34.58 -40.63
280 80 0 35.38 -40.98
280 120 0 37.25 -40.79
280 160 0 42.48 -42.41
