-200 200 0 -0.01 -66.35
-200 240 0 -0.27 -52.82
-200 280 0 -0.32 -8.08
-160 -320 0 -0.04 42.63
-160 -280 0 -0.05 45.84
-160 -240 0 -0.08 49.72
-160 -160 0 -0.04 51.55
-160 0 0 -0.04 60.17
-160 40 0 -0.05 67.56
-160 200 0 -0.02 20.37
-160 240 0 -0.01 -52.39
-160 280 0 -0.10 -34.03
-120 -320 0 -1.43 47.1
-120 -280 0 -1.39 47.57
-120 -160 0 -0.89 48.63
-120 -120 0 -0.63 47.73
-120 40 0 -0.30 -37.27
-120 80 0 -0.37 -38.08
-120 120 0 -0.27 -36.24
-120 200 0 -0.29 43.03
-120 240 0 -0.40 41.38
-80 -320 0 -0.36 42.37
-80 -280 0 -0.38 43.73
-80 -120 0 -0.67 48.61
-80 200 0 -3.14 48.16
-80 240 0 -3.68 49.27
-80 280 0 -4.56 47.48
-40 -320 0 -0.66 41.11
-40 -280 0 -0.95 36.72
-40 -240 0 -1.09 38.82
-40 200 0 -0.22 38.13
-40 280 0 -0.25 43.88
0 -320 0 -2.78 50.44
0 -280 0 -2.50 44.48
0 -240 0 -1.83 43.36
0 -200 0 -1.28 44.42
0 0 0 -0.47 30.42
0 40 0 -0.23 43.79
0 80 0 -0.59 54.37
0 160 0 -0.52 43.71
0 200 0 -0.11 36.02
40 -320 0 -0.46 44.13
40 -280 0 -0.07 45.91
40 -240 0 -0.45 49.28
40 -200 0 -1.18 45.78
40 -80 0 -0.01 58.97
40 40 0 -0.38 59.38
40 80 0 -0.13 58.23
40 120 0 -0.06 57.04
40 160 0 -0.34 46.99
40 200 0 -0.14 38.27
80 -320 0 -0.02 -42.22
80 -280 0 -0.09 30.33
80 -240 0 -0.01 26.27
80 -160 0 -0.02 -38.53
80 -40 0 -0.09 -20.87
80 0 0 -0.21 -20.98
80 200 0 -0.24 40.52
80 240 0 -0.05 37.91
80 280 0 -0.05 41.75
120 -320 0 -0.13 -27.74
120 -280 0 -0.11 -62.2
120 -240 0 -0.07 -87.37
120 -200 0 -0.04 75.06
120 -160 0 -0.01 -20.5
120 -120 0 -0.01 55.3
120 -80 0 -0.01 40.83
120 -40 0 -0.04 8.43
120 0 0 -0.03 -10.58
120 160 0 -1.08 53.14
120 200 0 -0.85 47.18
120 240 0 -0.65 44.52
120 280 0 -0.82 44.37
160 -320 0 -0.11 -0.37
160 -280 0 -0.13 -27.84
160 -240 0 -0.09 -60.97
160 -200 0 -0.04 -69.41
160 0 0 -0.02 -11.37
160 80 0 -0.02 46.69
160 280 0 -0.03 42.36
200 -320 0 -0.08 6.74
200 -280 0 -0.10 -7.36
200 -240 0 -0.07 -21.57
200 -200 0 -0.02 -43.51
200 0 0 -0.01 -11.3
200 40 0 -0.02 -27.53
200 80 0 -0.02 -44.61
240 -320 0 -0.06 5.89
240 -280 0 -0.08 -1.74
240 -240 0 -0.05 -15.36
240 -200 0 -0.01 -41.51
240 0 0 -0.01 -4.77
240 40 0 -0.03 -17.96
240 80 0 -0.04 -34.89
240 120 0 -0.03 -54.02
240 160 0 -0.01 -68.6
280 -320 0 -0.07 46.13
280 -280 0 -0.08 -40.37
280 -240 0 -0.04 -41.11
280 0 0 -0.01 47.99
280 40 0 -0.04 54.94
280 80 0 -0.04 -75.37
280 120 0 -0.03 -56.96
280 160 0 -0.02 -54.94
