-200 -240 -50.10 0 -45.62
-200 -200 -61.78 0 -39.75
-200 -160 -64.70 0 -38.22
-200 -120 -62.86 0 -40.2
-200 -80 -75.40 0 -33.71
-200 -40 -74.96 0 -31.59
-200 0 -68.25 0 -35.92
-200 40 -71.12 0 -31.21
-200 80 -55.83 0 -31.94
-200 120 -32.14 0 -40.01
-160 -240 -48.13 0 -46.61
-160 -200 -61.44 0 -39.93
-160 -160 -62.76 0 -37.87
-160 -120 -60.97 0 -42.48
-160 -80 -79.67 0 -32.21
-160 -40 -74.44 0 -30.38
-160 0 -71.13 0 -33.6
-160 40 -85.50 0 -26.48
-160 80 -69.98 0 -31.65
-160 120 -44.67 0 -33.73
-120 -200 -62.37 0 -41.87
-120 -160 -67.89 0 -36.7
-120 -120 -51.38 0 -45.56
-120 -80 -89.98 0 -34.65
-120 -40 -87.94 0 -39.67
-120 0 -89.08 0 -36.89
-120 40 -93.24 0 -33.44
-120 80 -79.43 0 -32.02
-120 120 -74.07 0 -29.91
-80 -240 -45.12 0 -50.18
-80 -200 -57.33 0 -39.96
-80 -160 -73.92 0 -34.89
-80 -120 -38.51 0 -40.13
-80 -80 -83.30 0 -34.73
-80 -40 -80.90 0 -37.73
-80 0 -82.19 0 -33.3
-80 40 -92.52 0 -30.65
-80 80 -92.57 0 -36.05
-80 120 -94.15 0 -38.52
-40 -240 -40.99 0 -54.95
-40 -200 -52.16 0 -40.89
-40 -160 -69.66 0 -38.49
-40 -120 -45.95 0 -44.29
-40 -80 -73.24 0 -32.45
-40 -40 -71.82 0 -30.66
-40 0 -83.79 0 -44.89
-40 40 -97.85 0 -39.31
-40 80 -105.99 0 -43.76
-40 120 -102.77 0 -43.58
-40 160 -71.57 0 -55.17
0 -200 -35.07 0 -31.75
0 -160 -70.98 0 -37.04
0 -120 -57.02 0 -57.2
0 -80 -83.17 0 -50.19
0 -40 -87.58 0 -39.49
0 0 -81.01 0 -30.07
0 40 -73.84 0 -26.01
0 80 -75.53 0 -43.84
0 120 -92.85 0 -38.11
0 160 -68.11 0 -48.2
40 -200 -46.88 0 -35.37
40 -160 -46.05 0 -15.76
40 -40 -60.42 0 -22.91
40 0 -82.07 0 -24.77
40 40 -88.87 0 -28.75
40 80 -45.57 0 -45.31
40 120 -84.23 0 -36.84
40 160 -65.16 0 -44.4
80 -200 -43.89 0 -36.39
80 -160 -50.66 0 -32.1
80 -80 -53.67 0 -27.14
80 -40 -68.07 0 -21.9
80 0 -76.94 0 -14.07
80 40 -53.96 0 -20.1
80 120 -67.71 0 -35.24
80 160 -63.78 0 -42.49
120 -200 -42.62 0 -38.45
120 -160 -51.00 0 -36.85
120 -120 -54.29 0 -37.39
120 -80 -59.78 0 -33.64
120 -40 -77.50 0 -25.99
120 0 -95.41 0 -9.92
120 40 -48.57 0 -39.2
120 80 -49.38 0 -36.3
120 120 -51.29 0 -33.9
160 -240 -36.72 0 -44.85
160 -200 -42.36 0 -41.21
160 -160 -48.78 0 -39.44
160 -120 -53.47 0 -38.1
160 -80 -59.38 0 -33.78
160 -40 -82.07 0 -19.57
160 0 -80.50 0 -26
160 40 -54.19 0 -40.71
160 80 -57.47 0 -39.76
160 120 -61.08 0 -38.03
160 160 -49.69 0 -42.27
200 -240 -38.19 0 -46.13
200 -200 -41.74 0 -42.96
200 -160 -46.51 0 -39.99
200 -120 -51.61 0 -36.2
200 -80 -59.57 0 -29.18
200 -40 -78.81 0 -23.32
200 0 -75.45 0 -29.9
200 40 -53.93 0 -40.03
200 80 -54.14 0 -38.87
200 120 -60.90 0 -38.11
200 160 -51.97 0 -42.28
240 -320 -40.18 0 -47.09
240 -280 -37.82 0 -47.7
240 -240 -37.85 0 -46.05
240 -200 -40.39 0 -43.16
240 -160 -45.00 0 -39.58
240 -120 -51.45 0 -34.93
240 -80 -60.13 0 -29.79
240 -40 -72.21 0 -27.47
240 0 -72.92 0 -33.11
240 40 -56.77 0 -40.32
240 80 -55.34 0 -39.96
240 120 -58.58 0 -39.35
240 160 -54.17 0 -42.5
280 -240 -36.79 0 -44.43
280 -200 -38.80 0 -42.04
280 -160 -43.44 0 -38.79
280 -120 -50.60 0 -35.25
280 -80 -60.93 0 -32.36
280 -40 -70.11 0 -32.04
280 0 -70.24 0 -36.29
280 40 -59.52 0 -40.63
280 80 -56.75 0 -40.98
280 120 -58.78 0 -40.79
280 160 -55.42 0 -42.41
