-200 -320 50.53 0 39.7
-200 -280 52.50 0 39.01
-200 160 41.68 0 34.15
-200 200 61.17 0 28.54
-200 240 58.14 0 33.16
-200 280 49.74 0 40.67
-160 -320 50.83 0 37.96
-160 -280 53.64 0 38.29
-160 160 44.09 0 34.26
-160 200 65.38 0 28.38
-160 240 62.13 0 31.78
-160 280 53.73 0 39.03
-120 -320 57.80 0 39.77
-120 -280 57.47 0 41.39
-120 -240 49.53 0 43.8
-120 160 52.64 0 33.98
-120 200 66.92 0 28.59
-120 240 63.93 0 27.51
-120 280 54.84 0 35.94
-80 -320 52.01 0 30.43
-80 -280 52.52 0 34.25
-80 160 51.28 0 30.44
-80 200 61.91 0 30.22
-80 240 59.85 0 30.28
-80 280 53.07 0 24.53
-40 -320 64.06 0 34.34
-40 -280 44.60 0 25.97
-40 200 64.03 0 27.81
-40 240 65.21 0 27.99
-40 280 46.21 0 27.31
0 -320 58.48 0 35.72
0 -280 53.74 0 38.31
0 -240 48.71 0 42.72
0 200 64.68 0 33.11
0 240 65.35 0 31.88
0 280 42.79 0 37.01
40 -320 58.48 0 34.27
40 -280 51.03 0 34.93
40 -240 26.93 0 35.18
40 -120 46.46 0 56.45
40 -80 49.01 0 65.28
40 200 64.62 0 37.38
40 240 65.59 0 35.34
40 280 44.61 0 41.46
80 -320 55.24 0 38.49
80 -280 50.95 0 38.14
80 -240 36.08 0 47.82
80 -120 47.08 0 54.84
80 80 50.95 0 55.93
80 200 65.19 0 40.26
80 240 61.83 0 38.05
80 280 40.73 0 41.94
120 -320 53.45 0 39.7
120 -280 46.21 0 40.32
120 -240 36.92 0 47.01
120 160 54.11 0 53.46
120 200 58.34 0 44.25
120 240 56.81 0 39.76
120 280 50.32 0 43.94
160 -320 50.98 0 40.78
160 -280 41.55 0 41.07
160 200 53.15 0 42.67
160 240 56.94 0 39.95
160 280 51.55 0 44.02
200 -320 44.13 0 41.8
200 -280 38.03 0 41.45
200 200 51.12 0 43.2
200 240 55.94 0 39.26
200 280 47.96 0 42.76
240 200 48.81 0 43.49
240 240 54.02 0 39.34
240 280 46.50 0 42.63
280 -320 40.97 0 44.7
280 -280 38.21 0 44.37
280 200 48.25 0 44.58
280 240 53.90 0 41.02
280 280 46.74 0 43.34
