-200 -320 50.53 -38.33 39.7
-200 -280 52.50 -39.52 39.01
-200 -240 -50.10 45.95 -45.62
-200 -200 -61.78 37.99 -39.75
-200 -160 -64.70 35.04 -38.22
-200 -120 -62.86 37.06 -40.2
-200 -80 -75.40 26.71 -33.71
-200 -40 -74.96 17.46 -31.59
-200 0 -68.25 23.39 -35.92
-200 40 -71.12 17.71 -31.21
-200 80 -55.83 16.01 -31.94
-200 120 -32.14 22.55 -40.01
-200 160 41.68 -16.05 34.15
-200 200 61.17 -16.96 28.54
-200 240 58.14 -25.75 33.16
-200 280 49.74 -38.32 40.67
-160 -320 50.83 -34.74 37.96
-160 -280 53.64 -37.65 38.29
-160 -240 -48.13 47.40 -46.61
-160 -200 -61.44 38.24 -39.93
-160 -160 -62.76 31.86 -37.87
-160 -120 -60.97 34.96 -42.48
-160 -80 -79.67 22.25 -32.21
-160 -40 -74.44 19.38 -30.38
-160 0 -71.13 30.52 -33.6
-160 40 -85.50 12.53 -26.48
-160 80 -69.98 17.75 -31.65
-160 120 -44.67 22.18 -33.73
-160 160 44.09 -16.85 34.26
-160 200 65.38 -12.09 28.38
-160 240 62.13 -19.80 31.78
-160 280 53.73 -34.62 39.03
-120 -320 57.80 -19.68 39.77
-120 -280 57.47 -24.78 41.39
-120 -240 49.53 -41.65 43.8
-120 -200 -62.37 30.88 -41.87
-120 -160 -67.89 11.54 -36.7
-120 -120 -51.38 36.76 -45.56
-120 -80 -89.98 6.74 -34.65
-120 -40 -87.94 10.60 -39.67
-120 0 -89.08 -4.50 -36.89
-120 40 -93.24 7.51 -33.44
-120 80 -79.43 20.22 -32.02
-120 120 -74.07 18.84 -29.91
-120 160 52.64 -11.63 33.98
-120 200 66.92 -7.97 28.59
-120 240 63.93 -13.55 27.51
-120 280 54.84 -30.48 35.94
-80 -320 52.01 -33.98 30.43
-80 -280 52.52 -39.59 34.25
-80 -240 -45.12 42.79 -50.18
-80 -200 -57.33 23.37 -39.96
-80 -160 -73.92 25.90 -34.89
-80 -120 -38.51 15.77 -40.13
-80 -80 -83.30 4.29 -34.73
-80 -40 -80.90 20.17 -37.73
-80 0 -82.19 16.19 -33.3
-80 40 -92.52 10.50 -30.65
-80 80 -92.57 1.87 -36.05
-80 120 -94.15 -14.68 -38.52
-80 160 51.28 -37.04 30.44
-80 200 61.91 2.52 30.22
-80 240 59.85 17.65 30.28
-80 280 53.07 6.59 24.53
-40 -320 64.06 -3.83 34.34
-40 -280 44.60 -34.58 25.97
-40 -240 -40.99 28.84 -54.95
-40 -200 -52.16 11.35 -40.89
-40 -160 -69.66 25.56 -38.49
-40 -120 -45.95 15.28 -44.29
-40 -80 -73.24 7.29 -32.45
-40 -40 -71.82 11.80 -30.66
-40 0 -83.79 -8.87 -44.89
-40 40 -97.85 -19.43 -39.31
-40 80 -105.99 -22.86 -43.76
-40 120 -102.77 18.39 -43.58
-40 160 -71.57 47.11 -55.17
-40 200 64.03 -44.75 27.81
-40 240 65.21 -28.93 27.99
-40 280 46.21 -15.75 27.31
0 -320 58.48 14.98 35.72
0 -280 53.74 -4.65 38.31
0 -240 48.71 -27.84 42.72
0 -200 -35.07 22.82 -31.75
0 -160 -70.98 14.60 -37.04
0 -120 -57.02 24.87 -57.2
0 -80 -83.17 -40.18 -50.19
0 -40 -87.58 12.85 -39.49
0 0 -81.01 5.30 -30.07
0 40 -73.84 3.81 -26.01
0 80 -75.53 35.65 -43.84
0 120 -92.85 29.58 -38.11
0 160 -68.11 49.48 -48.2
0 200 64.68 -43.28 33.11
0 240 65.35 -35.46 31.88
0 280 42.79 -30.69 37.01
40 -320 58.48 -26.88 34.27
40 -280 51.03 -32.25 34.93
40 -240 26.93 -21.04 35.18
40 -200 -46.88 32.08 -35.37
40 -160 -46.05 31.69 -15.76
40 -120 46.46 -46.07 56.45
40 -80 49.01 -45.51 65.28
40 -40 -60.42 38.64 -22.91
40 0 -82.07 19.67 -24.77
40 40 -88.87 6.01 -28.75
40 80 -45.57 33.48 -45.31
40 120 -84.23 36.59 -36.84
40 160 -65.16 51.96 -44.4
40 200 64.62 -43.89 37.38
40 240 65.59 -35.18 35.34
40 280 44.61 -35.22 41.46
80 -320 55.24 -32.00 38.49
80 -280 50.95 -23.45 38.14
80 -240 36.08 -29.27 47.82
80 -200 -43.89 36.04 -36.39
80 -160 -50.66 34.95 -32.1
80 -120 47.08 -44.18 54.84
80 -80 -53.67 41.86 -27.14
80 -40 -68.07 32.76 -21.9
80 0 -76.94 26.27 -14.07
80 40 -53.96 29.20 -20.1
80 80 50.95 -45.06 55.93
80 120 -67.71 45.20 -35.24
80 160 -63.78 53.00 -42.49
80 200 65.19 -44.16 40.26
80 240 61.83 -35.81 38.05
80 280 40.73 -40.29 41.94
120 -320 53.45 -36.26 39.7
120 -280 46.21 -29.54 40.32
120 -240 36.92 -33.66 47.01
120 -200 -42.62 34.83 -38.45
120 -160 -51.00 35.21 -36.85
120 -120 -54.29 32.35 -37.39
120 -80 -59.78 22.05 -33.64
120 -40 -77.50 8.60 -25.99
120 0 -95.41 -23.73 -9.92
120 40 -48.57 46.50 -39.2
120 80 -49.38 45.53 -36.3
120 120 -51.29 44.65 -33.9
120 160 54.11 -37.02 53.46
120 200 58.34 -30.15 44.25
120 240 56.81 -32.46 39.76
120 280 50.32 -45.72 43.94
160 -320 50.98 -39.80 40.78
160 -280 41.55 -34.72 41.07
160 -240 -36.72 34.64 -44.85
160 -200 -42.36 31.53 -41.21
160 -160 -48.78 28.28 -39.44
160 -120 -53.47 21.14 -38.1
160 -80 -59.38 7.53 -33.78
160 -40 -82.07 -11.22 -19.57
160 0 -80.50 21.70 -26
160 40 -54.19 43.28 -40.71
160 80 -57.47 40.50 -39.76
160 120 -61.08 37.87 -38.03
160 160 -49.69 46.30 -42.27
160 200 53.15 -38.25 42.67
160 240 56.94 -31.69 39.95
160 280 51.55 -40.94 44.02
200 -320 44.13 -41.18 41.8
200 -280 38.03 -37.79 41.45
200 -240 -38.19 32.47 -46.13
200 -200 -41.74 28.18 -42.96
200 -160 -46.51 23.13 -39.99
200 -120 -51.61 15.85 -36.2
200 -80 -59.57 8.30 -29.18
200 -40 -78.81 11.60 -23.32
200 0 -75.45 26.96 -29.9
200 40 -53.93 43.13 -40.03
200 80 -54.14 37.88 -38.87
200 120 -60.90 38.18 -38.11
200 160 -51.97 44.94 -42.28
200 200 51.12 -42.04 43.2
200 240 55.94 -33.59 39.26
200 280 47.96 -39.19 42.76
240 -320 -40.18 40.15 -47.09
240 -280 -37.82 36.15 -47.7
240 -240 -37.85 31.36 -46.05
240 -200 -40.39 26.30 -43.16
240 -160 -45.00 20.73 -39.58
240 -120 -51.45 15.27 -34.93
240 -80 -60.13 12.30 -29.79
240 -40 -72.21 16.17 -27.47
240 0 -72.92 29.04 -33.11
240 40 -56.77 37.61 -40.32
240 80 -55.34 35.71 -39.96
240 120 -58.58 37.48 -39.35
240 160 -54.17 43.38 -42.5
240 200 48.81 -45.56 43.49
240 240 54.02 -36.68 39.34
240 280 46.50 -39.53 42.63
280 -320 40.97 -40.69 44.7
280 -280 38.21 -37.59 44.37
280 -240 -36.79 32.66 -44.43
280 -200 -38.80 26.30 -42.04
280 -160 -43.44 19.91 -38.79
280 -120 -50.60 14.35 -35.25
280 -80 -60.93 10.93 -32.36
280 -40 -70.11 13.96 -32.04
280 0 -70.24 25.74 -36.29
280 40 -59.52 34.58 -40.63
280 80 -56.75 35.38 -40.98
280 120 -58.78 37.25 -40.79
280 160 -55.42 42.48 -42.41
280 200 48.25 -46.72 44.58
280 240 53.90 -37.38 41.02
280 280 46.74 -39.46 43.34
