-200 -320 25 0.76 -0.76 0.00 -0.17 0.30 0.63 20 -200 -320
-200 -280 25 0.30 -0.18 -0.13 -0.66 0.18 0.73 20 -200 -280
-200 -240 25 0.04 0.21 -0.25 -0.68 0.03 0.71 20 -200 -240
-200 -200 25 -0.19 0.70 -0.51 -0.44 -0.13 0.70 20 -200 -200
-200 -160 25 -0.23 0.96 -0.73 0.26 0.11 0.48 20 -200 -160
-200 -120 25 0.44 0.04 -0.48 0.38 0.77 0.28 20 -200 -120
-200 -80 25 0.72 -0.07 -0.65 -0.02 0.71 0.21 20 -200 -80
-200 -40 25 0.72 -0.12 -0.60 -0.24 0.71 0.20 20 -200 -40
-200 0 25 0.69 -0.08 -0.62 -0.26 0.73 0.18 20 -200 0
-200 40 25 0.67 -0.04 -0.63 -0.25 0.75 0.16 20 -200 40
-200 80 25 0.67 0.00 -0.68 -0.19 0.75 0.14 20 -200 80
-200 120 25 0.65 -0.04 -0.61 -0.13 0.79 0.06 20 -200 120
-200 160 25 0.60 -0.54 -0.06 -0.52 0.60 0.27 20 -200 160
-200 200 25 -0.29 -0.30 0.59 -0.69 -0.28 0.48 20 -200 200
-200 240 25 -0.75 0.24 0.50 -0.44 -0.48 0.46 20 -200 240
-200 280 25 -0.92 0.86 0.06 0.46 -0.28 0.12 20 -200 280
-160 -320 25 0.14 -0.12 -0.02 -0.87 0.04 0.59 20 -160 -320
-160 -280 25 0.03 0.00 -0.03 -0.90 0.08 0.55 20 -160 -280
-160 -240 25 -0.02 0.10 -0.08 -0.89 0.07 0.55 20 -160 -240
-160 -200 25 -0.04 0.18 -0.14 -0.86 0.05 0.57 20 -160 -200
-160 -160 25 -0.00 0.14 -0.14 -0.81 0.16 0.61 20 -160 -160
-160 -120 25 0.14 0.02 -0.15 -0.73 0.39 0.67 20 -160 -120
-160 -80 25 0.30 -0.07 -0.24 -0.71 0.53 0.58 20 -160 -80
-160 -40 25 0.37 -0.09 -0.27 -0.65 0.67 0.47 20 -160 -40
-160 0 25 0.39 -0.00 -0.39 -0.53 0.83 0.33 20 -160 0
-160 40 25 0.43 0.00 -0.43 -0.42 0.91 0.22 20 -160 40
-160 80 25 0.42 0.04 -0.47 -0.35 0.95 0.19 20 -160 80
-160 120 25 0.43 0.07 -0.50 -0.24 0.95 0.05 20 -160 120
-160 160 25 0.56 -0.35 -0.21 -0.65 0.70 -0.03 20 -160 160
-160 200 25 -0.03 -0.30 0.32 -0.87 -0.45 0.27 20 -160 200
-160 240 25 -0.30 0.03 0.27 -0.80 -0.52 0.45 20 -160 240
-160 280 25 -0.73 0.64 0.09 -0.47 -0.28 0.68 20 -160 280
-120 -320 25 0.01 0.09 -0.11 -1.01 0.05 1.35 20 -120 -320
-120 -280 25 -0.00 0.12 -0.11 -1.06 0.05 1.28 20 -120 -280
-120 -240 25 -0.01 0.12 -0.12 -1.13 0.06 1.14 20 -120 -240
-120 -200 25 -0.00 0.12 -0.12 -1.09 0.06 1.06 20 -120 -200
-120 -160 25 0.01 0.12 -0.13 -1.06 0.08 0.96 20 -120 -160
-120 -120 25 0.06 0.05 -0.11 -1.07 0.12 0.80 20 -120 -120
-120 -80 25 0.14 -0.01 -0.13 -1.05 0.10 0.86 20 -120 -80
-120 -40 25 0.21 -0.12 -0.10 -1.08 0.26 0.91 20 -120 -40
-120 0 25 0.32 0.11 -0.43 -1.02 0.31 0.82 20 -120 0
-120 40 25 0.41 0.01 -0.42 -1.00 0.54 0.78 20 -120 40
-120 80 25 0.37 0.01 -0.38 -1.03 0.68 0.80 20 -120 80
-120 120 25 0.31 0.05 -0.36 -1.06 0.64 0.66 20 -120 120
-120 160 25 0.13 -0.14 0.01 -1.18 0.17 0.81 20 -120 160
-120 200 25 0.03 -0.07 0.04 -1.24 -0.16 0.76 20 -120 200
-120 240 25 -0.10 -0.04 0.14 -1.28 -0.29 0.75 20 -120 240
-120 280 25 -0.26 0.13 0.13 -1.25 -0.14 0.86 20 -120 280
-80 -320 25 -0.07 -0.04 0.11 0.79 -0.05 0.83 20 -80 -320
-80 -280 25 -0.07 -0.00 0.07 0.72 -0.12 0.89 20 -80 -280
-80 -240 25 -0.05 0.03 0.02 0.66 -0.15 0.95 20 -80 -240
-80 -200 25 -0.01 0.06 -0.05 0.63 -0.11 0.99 20 -80 -200
-80 -160 25 0.04 0.11 -0.14 0.61 -0.07 1.06 20 -80 -160
-80 -120 25 0.13 0.07 -0.20 0.61 -0.08 1.08 20 -80 -120
-80 -80 25 0.29 -0.05 -0.24 0.53 0.06 1.15 20 -80 -80
-80 -40 25 0.47 -0.05 -0.41 0.37 0.09 1.27 20 -80 -40
-80 0 25 0.63 -0.09 -0.54 -0.11 -0.40 1.29 20 -80 0
-80 40 25 0.50 -0.39 -0.11 -0.86 -0.36 1.48 20 -80 40
-80 80 25 0.48 -1.42 0.95 -1.30 -0.88 2.88 20 -80 80
-80 120 25 -0.13 -1.88 2.01 2.63 1.25 4.11 20 -80 120
-80 160 25 0.34 -0.82 0.48 3.30 -0.36 4.04 20 -80 160
-80 200 25 0.16 0.36 -0.53 3.31 -0.52 4.01 20 -80 200
-80 240 25 0.18 0.64 -0.82 3.23 -0.52 4.85 20 -80 240
-80 280 25 0.12 0.33 -0.45 0.54 -0.04 4.48 20 -80 280
-40 -320 25 0.02 -0.15 0.12 -0.90 -0.04 0.99 20 -40 -320
-40 -280 25 -0.05 -0.33 0.38 -0.52 -0.17 1.20 20 -40 -280
-40 -240 25 -0.05 -0.25 0.30 -0.58 -0.14 1.26 20 -40 -240
-40 -200 25 -0.01 -0.13 0.15 -0.75 -0.04 1.19 20 -40 -200
-40 -160 25 0.04 -0.11 0.07 -0.83 -0.00 1.27 20 -40 -160
-40 -120 25 0.13 0.02 -0.15 -0.91 0.12 1.27 20 -40 -120
-40 -80 25 0.28 -0.06 -0.22 -1.02 0.16 1.02 20 -40 -80
-40 -40 25 0.34 -0.17 -0.17 -1.46 -0.55 1.20 20 -40 -40
-40 0 25 0.28 -2.13 1.85 -2.13 -1.20 2.58 20 -40 0
-40 40 25 0.38 -1.91 1.52 1.94 0.65 1.88 20 -40 40
-40 80 25 0.44 -0.13 -0.31 1.07 -0.61 1.29 20 -40 80
-40 120 25 0.37 -0.19 -0.18 1.15 -0.49 0.81 20 -40 120
-40 160 25 0.11 -0.26 0.15 0.98 -0.08 1.10 20 -40 160
-40 200 25 -0.01 -0.18 0.18 1.08 0.02 0.73 20 -40 200
-40 240 25 -0.03 -0.09 0.12 1.03 0.27 0.63 20 -40 240
-40 280 25 0.01 -0.03 0.02 1.04 0.14 0.64 20 -40 280
0 -320 25 0.13 0.45 -0.59 1.74 -0.25 2.72 20 0 -320
0 -280 25 -0.10 0.00 0.10 0.38 1.17 2.57 20 0 -280
0 -240 25 -0.16 -0.03 0.19 0.13 0.13 1.86 20 0 -240
0 -200 25 -0.03 -0.02 0.04 0.02 0.03 1.44 20 0 -200
0 -160 25 0.09 -0.08 -0.01 -0.06 0.04 1.37 20 0 -160
0 -120 25 0.15 -0.58 0.43 -0.39 -0.28 1.49 20 0 -120
0 -80 25 -0.02 -1.64 1.66 1.22 0.25 1.52 20 0 -80
0 -40 25 0.21 -0.66 0.45 1.47 0.34 1.09 20 0 -40
0 0 25 0.32 -0.50 0.17 1.12 0.21 0.60 20 0 0
0 40 25 0.57 -0.31 -0.26 0.82 0.31 0.67 20 0 40
0 80 25 0.38 0.09 -0.47 0.21 -0.94 0.81 20 0 80
0 120 25 0.58 -0.05 -0.52 0.53 -0.42 0.79 20 0 120
0 160 25 0.13 -0.12 -0.02 0.34 0.04 1.11 20 0 160
0 200 25 -0.01 -0.29 0.30 0.52 -0.26 0.90 20 0 200
0 240 25 -0.10 -0.32 0.43 0.63 0.42 0.64 20 0 240
0 280 25 -0.09 -0.41 0.51 0.21 0.86 0.47 20 0 280
40 -320 25 -0.19 0.07 0.12 1.00 0.16 0.77 20 40 -320
40 -280 25 -0.22 0.14 0.09 1.06 0.23 0.77 20 40 -280
40 -240 25 -0.13 0.20 -0.07 1.14 0.01 0.92 20 40 -240
40 -200 25 -0.02 0.04 -0.02 1.13 0.02 1.12 20 40 -200
40 -160 25 0.04 -0.02 -0.02 1.14 0.06 1.02 20 40 -160
40 -120 25 0.07 -0.03 -0.04 0.88 -0.11 0.99 20 40 -120
40 -80 25 0.17 0.29 -0.47 0.70 -0.09 0.72 20 40 -80
40 -40 25 0.13 0.50 -0.63 0.50 0.03 1.01 20 40 -40
40 0 25 0.37 0.39 -0.76 0.20 0.42 0.78 20 40 0
40 40 25 0.28 0.25 -0.52 0.32 0.80 0.70 20 40 40
40 80 25 0.39 0.14 -0.53 -0.14 -0.74 0.67 20 40 80
40 120 25 0.56 0.08 -0.64 0.03 0.43 0.80 20 40 120
40 160 25 0.04 0.05 -0.10 0.04 0.23 1.08 20 40 160
40 200 25 -0.05 -0.21 0.26 0.10 -0.36 0.98 20 40 200
40 240 25 -0.24 -0.39 0.63 -0.30 -0.22 0.80 20 40 240
40 280 25 -0.08 -0.18 0.26 -0.99 0.21 0.14 20 40 280
80 -320 25 -0.53 0.32 0.21 0.68 0.38 0.59 20 80 -320
80 -280 25 -0.32 -0.07 0.38 0.67 0.66 0.40 20 80 -280
80 -240 25 -0.24 -0.08 0.32 0.70 0.68 0.26 20 80 -240
80 -200 25 -0.08 0.06 0.02 0.91 0.17 0.47 20 80 -200
80 -160 25 0.11 0.05 -0.16 0.87 -0.33 0.47 20 80 -160
80 -120 25 0.17 0.07 -0.24 0.80 -0.46 0.50 20 80 -120
80 -80 25 0.22 -0.05 -0.17 0.79 -0.27 0.65 20 80 -80
80 -40 25 0.34 0.28 -0.62 0.59 -0.54 0.41 20 80 -40
80 0 25 0.01 0.70 -0.71 0.41 -0.17 0.64 20 80 0
80 40 25 0.02 0.88 -0.91 0.19 0.08 0.76 20 80 40
80 80 25 0.04 0.28 -0.32 -0.43 -0.08 0.99 20 80 80
80 120 25 -0.05 0.32 -0.27 -0.57 0.53 0.79 20 80 120
80 160 25 -0.08 0.17 -0.09 -0.36 0.23 1.02 20 80 160
80 200 25 -0.07 -0.12 0.19 -0.34 -0.31 1.00 20 80 200
80 240 25 -0.08 -0.12 0.20 -0.78 -0.33 0.63 20 80 240
80 280 25 -0.03 -0.04 0.07 -0.93 -0.05 0.49 20 80 280
120 -320 25 -0.99 0.73 0.26 -0.27 0.27 0.34 20 120 -320
120 -280 25 -0.69 0.16 0.54 0.43 0.61 0.28 20 120 -280
120 -240 25 -0.46 -0.08 0.54 0.55 0.69 0.03 20 120 -240
120 -200 25 -0.13 -0.09 0.23 0.96 0.29 -0.09 20 120 -200
120 -160 25 0.42 -0.05 -0.37 0.67 -0.62 0.14 20 120 -160
120 -120 25 0.51 -0.14 -0.37 0.46 -0.72 0.30 20 120 -120
120 -80 25 0.64 -0.36 -0.28 0.17 -0.80 0.26 20 120 -80
120 -40 25 0.37 0.09 -0.46 -0.08 -0.92 -0.08 20 120 -40
120 0 25 0.18 0.51 -0.69 0.48 -0.68 0.23 20 120 0
120 40 25 0.02 0.36 -0.38 0.63 -0.30 0.71 20 120 40
120 80 25 -0.06 0.41 -0.35 0.63 -0.08 0.73 20 120 80
120 120 25 -0.02 0.25 -0.23 0.83 -0.26 0.75 20 120 120
120 160 25 0.01 0.36 -0.37 0.44 -0.05 1.26 20 120 160
120 200 25 0.05 0.08 -0.13 -0.10 0.06 1.35 20 120 200
120 240 25 0.06 -0.05 -0.01 -0.23 0.06 1.27 20 120 240
120 280 25 -0.02 -0.02 0.04 -0.27 0.03 1.25 20 120 280
160 -320 25 -0.74 0.68 0.06 -0.73 -0.06 0.00 20 160 -320
160 -280 25 -1.08 0.71 0.37 0.29 -0.04 0.25 20 160 -280
160 -240 25 -0.44 0.14 0.30 0.95 0.03 0.13 20 160 -240
160 -200 25 0.11 -0.12 0.01 0.98 -0.17 0.06 20 160 -200
160 -160 25 0.55 -0.29 -0.26 0.77 -0.44 0.13 20 160 -160
160 -120 25 0.84 -0.47 -0.38 0.32 -0.62 0.19 20 160 -120
160 -80 25 0.86 -0.46 -0.41 -0.31 -0.73 0.04 20 160 -80
160 -40 25 0.49 0.04 -0.52 -0.41 -0.76 -0.07 20 160 -40
160 0 25 0.20 0.51 -0.71 0.12 -0.87 0.26 20 160 0
160 40 25 -0.07 0.35 -0.28 0.75 -0.24 0.55 20 160 40
160 80 25 -0.17 0.11 0.06 0.85 0.36 0.45 20 160 80
160 120 25 -0.26 0.14 0.12 0.80 0.44 0.46 20 160 120
160 160 25 -0.15 0.30 -0.15 0.76 0.19 0.65 20 160 160
160 200 25 -0.07 0.04 0.02 0.74 0.14 0.70 20 160 200
160 240 25 -0.03 -0.06 0.10 0.75 0.20 0.66 20 160 240
160 280 25 0.03 -0.06 0.03 0.92 0.03 0.50 20 160 280
200 -320 25 -0.52 0.61 -0.10 -0.82 -0.16 -0.08 20 200 -320
200 -280 25 -0.68 0.90 -0.22 0.16 -0.56 0.15 20 200 -280
200 -240 25 -0.09 0.22 -0.13 0.91 -0.36 0.16 20 200 -240
200 -200 25 0.22 -0.10 -0.12 0.94 -0.27 0.15 20 200 -200
200 -160 25 0.52 -0.36 -0.16 0.83 -0.28 0.19 20 200 -160
200 -120 25 0.93 -0.71 -0.22 0.38 -0.35 0.23 20 200 -120
200 -80 25 0.87 -0.60 -0.27 -0.61 -0.36 0.06 20 200 -80
200 -40 25 0.40 -0.03 -0.37 -0.88 -0.37 -0.05 20 200 -40
200 0 25 0.06 0.50 -0.55 -0.70 -0.50 0.22 20 200 0
200 40 25 -0.54 0.80 -0.26 0.40 0.15 0.76 20 200 40
200 80 25 -0.41 0.21 0.20 0.60 0.63 0.38 20 200 80
200 120 25 -0.36 0.09 0.27 0.56 0.74 0.24 20 200 120
200 160 25 -0.32 0.04 0.28 0.54 0.77 0.22 20 200 160
200 200 25 -0.25 -0.08 0.33 0.46 0.83 0.24 20 200 200
200 240 25 -0.19 -0.27 0.46 0.21 0.92 0.17 20 200 240
200 280 25 -0.13 -0.33 0.46 -0.46 0.81 -0.24 20 200 280
240 -320 25 -0.38 0.62 -0.24 -0.87 -0.04 -0.09 20 240 -320
240 -280 25 -0.38 1.05 -0.67 0.18 -0.37 0.05 20 240 -280
240 -240 25 0.09 0.22 -0.31 0.92 -0.28 0.16 20 240 -240
240 -200 25 0.28 -0.12 -0.16 0.93 -0.23 0.17 20 240 -200
240 -160 25 0.48 -0.40 -0.08 0.84 -0.25 0.21 20 240 -160
240 -120 25 0.84 -0.87 0.03 0.36 -0.30 0.25 20 240 -120
240 -80 25 0.58 -0.63 0.05 -0.78 -0.15 0.07 20 240 -80
240 -40 25 0.11 -0.05 -0.06 -1.00 -0.03 -0.04 20 240 -40
240 0 25 -0.18 0.29 -0.11 -0.97 0.05 0.03 20 240 0
240 40 25 -0.64 0.64 -0.00 -0.61 0.46 0.23 20 240 40
240 80 25 -0.65 0.42 0.23 0.29 0.74 0.27 20 240 80
240 120 25 -0.49 0.18 0.31 0.53 0.71 0.19 20 240 120
240 160 25 -0.40 0.02 0.38 0.56 0.71 0.17 20 240 160
240 200 25 -0.34 -0.15 0.48 0.45 0.78 0.14 20 240 200
240 240 25 -0.30 -0.37 0.68 0.10 0.87 0.05 20 240 240
240 280 25 -0.22 -0.26 0.48 -0.66 0.54 -0.35 20 240 280
280 -320 25 -0.60 0.27 0.33 -0.45 0.10 -0.77 20 280 -320
280 -280 25 -0.47 0.38 0.08 -0.27 0.06 0.91 20 280 -280
280 -240 25 0.17 0.05 -0.22 0.11 -0.03 0.99 20 280 -240
280 -200 25 0.37 -0.04 -0.34 0.18 -0.05 0.97 20 280 -200
280 -160 25 0.63 -0.13 -0.50 0.24 -0.09 0.89 20 280 -160
280 -120 25 1.06 -0.26 -0.80 0.22 -0.15 0.23 20 280 -120
280 -80 25 0.41 -0.08 -0.33 0.02 -0.05 -0.99 20 280 -80
280 -40 25 -0.01 0.00 0.01 -0.20 -0.01 -0.98 20 280 -40
280 0 25 -0.34 0.07 0.27 -0.18 0.04 -0.98 20 280 0
280 40 25 -0.82 0.16 0.66 -0.09 0.12 -0.70 20 280 40
280 80 25 -1.03 0.16 0.87 0.09 0.19 0.20 20 280 80
280 120 25 -0.78 0.08 0.70 0.16 0.16 0.71 20 280 120
280 160 25 -0.66 0.00 0.65 0.15 0.14 0.90 20 280 160
280 200 25 -0.61 -0.08 0.68 0.11 0.16 0.92 20 280 200
280 240 25 -0.67 -0.22 0.90 -0.08 0.18 0.68 20 280 240
280 280 25 -0.68 -0.16 0.84 -0.47 0.11 -0.42 20 280 280
