 -116.50   32.50   5.   -0.04   -0.29    0.33   -0.01   -0.00    1.00 21 -116.50   32.50
 -116.50   32.55   5.   -0.04   -0.31    0.35   -0.01    0.00    1.11 21 -116.50   32.55
 -116.50   32.60   5.   -0.03   -0.31    0.34   -0.01    0.00    1.20 21 -116.50   32.60
 -116.50   32.65   5.   -0.01   -0.29    0.30   -0.02    0.00    1.27 21 -116.50   32.65
 -116.50   32.70   5.    0.02   -0.27    0.25   -0.02    0.00    1.34 21 -116.50   32.70
 -116.50   32.75   5.    0.05   -0.23    0.18   -0.03    0.00    1.40 21 -116.50   32.75
 -116.50   32.80   5.    0.09   -0.18    0.09   -0.03   -0.00    1.44 21 -116.50   32.80
 -116.50   32.85   5.    0.14   -0.13   -0.02   -0.03   -0.00    1.49 21 -116.50   32.85
 -116.50   32.90   5.    0.19   -0.07   -0.13   -0.03   -0.00    1.54 21 -116.50   32.90
 -116.50   32.95   5.    0.24    0.01   -0.25   -0.04   -0.00    1.56 21 -116.50   32.95
 -116.50   33.00   5.    0.28    0.09   -0.37   -0.04   -0.00    1.59 21 -116.50   33.00
 -116.50   33.05   5.    0.33    0.17   -0.50   -0.05   -0.00    1.61 21 -116.50   33.05
 -116.50   33.10   5.    0.35    0.26   -0.61   -0.06   -0.01    1.60 21 -116.50   33.10
 -116.50   33.15   5.    0.37    0.35   -0.73   -0.07   -0.00    1.58 21 -116.50   33.15
 -116.50   33.20   5.    0.41    0.43   -0.83   -0.07    0.01    1.55 21 -116.50   33.20
 -116.50   33.25   5.    0.44    0.49   -0.93   -0.06    0.02    1.48 21 -116.50   33.25
 -116.50   33.30   5.    0.47    0.55   -1.02   -0.06    0.05    1.39 21 -116.50   33.30
 -116.50   33.35   5.    0.50    0.58   -1.08   -0.03    0.04    1.26 21 -116.50   33.35
 -116.50   33.40   5.    0.53    0.63   -1.16    0.01    0.02    1.03 21 -116.50   33.40
 -116.50   33.45   5.    0.70    0.55   -1.25    0.02    0.15    1.40 21 -116.50   33.45
 -116.50   33.50   5.    0.73    0.62   -1.34    0.02    0.13    1.33 21 -116.50   33.50
 -116.50   33.55   5.    0.73    0.68   -1.42    0.02    0.12    1.21 21 -116.50   33.55
 -116.50   33.60   5.    0.74    0.77   -1.50    0.02    0.11    1.10 21 -116.50   33.60
 -116.50   33.65   5.    0.80    0.75   -1.55    0.02    0.11    1.04 21 -116.50   33.65
 -116.50   33.70   5.    0.86    0.69   -1.55    0.01    0.10    1.00 21 -116.50   33.70
 -116.50   33.75   5.    0.91    0.65   -1.55    0.02    0.10    0.97 21 -116.50   33.75
 -116.50   33.80   5.    0.92    0.61   -1.54    0.02    0.11    0.92 21 -116.50   33.80
 -116.50   33.85   5.    0.81    0.52   -1.33    0.02    0.12    0.82 21 -116.50   33.85
 -116.50   33.90   5.    0.66    0.54   -1.20    0.03    0.12    0.78 21 -116.50   33.90
 -116.50   33.95   5.    0.50    0.71   -1.21    0.04    0.13    0.83 21 -116.50   33.95
 -116.50   34.00   5.    1.03   -1.06    0.03    0.07   -0.31    1.24 21 -116.50   34.00
 -116.45   32.50   5.   -0.05   -0.31    0.37   -0.01   -0.00    0.95 21 -116.45   32.50
 -116.45   32.55   5.   -0.05   -0.33    0.38   -0.01    0.00    1.05 21 -116.45   32.55
 -116.45   32.60   5.   -0.05   -0.34    0.39   -0.02    0.00    1.15 21 -116.45   32.60
 -116.45   32.65   5.   -0.04   -0.33    0.37   -0.02    0.01    1.23 21 -116.45   32.65
 -116.45   32.70   5.   -0.01   -0.31    0.32   -0.02    0.00    1.30 21 -116.45   32.70
 -116.45   32.75   5.    0.02   -0.28    0.26   -0.03    0.00    1.36 21 -116.45   32.75
 -116.45   32.80   5.    0.06   -0.24    0.17   -0.03   -0.00    1.41 21 -116.45   32.80
 -116.45   32.85   5.    0.11   -0.18    0.07   -0.03   -0.00    1.45 21 -116.45   32.85
 -116.45   32.90   5.    0.16   -0.11   -0.05   -0.04   -0.00    1.50 21 -116.45   32.90
 -116.45   32.95   5.    0.21   -0.03   -0.18   -0.04   -0.01    1.55 21 -116.45   32.95
 -116.45   33.00   5.    0.25    0.05   -0.30   -0.05   -0.01    1.57 21 -116.45   33.00
 -116.45   33.05   5.    0.29    0.15   -0.44   -0.05   -0.01    1.59 21 -116.45   33.05
 -116.45   33.10   5.    0.33    0.26   -0.59   -0.06   -0.01    1.61 21 -116.45   33.10
 -116.45   33.15   5.    0.36    0.33   -0.70   -0.07   -0.00    1.58 21 -116.45   33.15
 -116.45   33.20   5.    0.41    0.39   -0.80   -0.06    0.01    1.54 21 -116.45   33.20
 -116.45   33.25   5.    0.45    0.47   -0.91   -0.05    0.03    1.51 21 -116.45   33.25
 -116.45   33.30   5.    0.50    0.46   -0.97   -0.03    0.03    1.40 21 -116.45   33.30
 -116.45   33.35   5.    0.53    0.50   -1.03    0.00    0.03    1.28 21 -116.45   33.35
 -116.45   33.40   5.    0.73    0.37   -1.11    0.00    0.14    1.58 21 -116.45   33.40
 -116.45   33.45   5.    0.74    0.48   -1.22    0.00    0.13    1.48 21 -116.45   33.45
 -116.45   33.50   5.    0.76    0.55   -1.31    0.01    0.12    1.41 21 -116.45   33.50
 -116.45   33.55   5.    0.79    0.60   -1.39    0.01    0.10    1.36 21 -116.45   33.55
 -116.45   33.60   5.    0.81    0.62   -1.43    0.01    0.10    1.23 21 -116.45   33.60
 -116.45   33.65   5.    0.87    0.59   -1.46   -0.00    0.10    1.15 21 -116.45   33.65
 -116.45   33.70   5.    0.98    0.53   -1.51   -0.01    0.10    1.14 21 -116.45   33.70
 -116.45   33.75   5.    1.05    0.50   -1.55   -0.01    0.10    1.13 21 -116.45   33.75
 -116.45   33.80   5.    1.04    0.47   -1.51   -0.00    0.12    1.01 21 -116.45   33.80
 -116.45   33.85   5.    1.09    0.39   -1.48   -0.01    0.15    1.01 21 -116.45   33.85
 -116.45   33.90   5.    0.94    0.35   -1.30   -0.01    0.16    0.94 21 -116.45   33.90
 -116.45   33.95   5.    0.84   -0.35   -0.49    0.01   -0.25    1.15 21 -116.45   33.95
 -116.45   34.00   5.    1.04   -0.72   -0.32    0.03   -0.29    1.26 21 -116.45   34.00
 -116.40   32.50   5.   -0.65   -3.30    3.95   -0.08   -0.04    8.97 20 -116.40   32.50
 -116.40   32.55   5.   -0.07   -0.35    0.41   -0.01   -0.00    0.98 21 -116.40   32.55
 -116.40   32.60   5.   -0.07   -0.36    0.43   -0.02    0.00    1.08 21 -116.40   32.60
 -116.40   32.65   5.   -0.06   -0.37    0.43   -0.02    0.01    1.19 21 -116.40   32.65
 -116.40   32.70   5.   -0.04   -0.35    0.40   -0.02    0.00    1.26 21 -116.40   32.70
 -116.40   32.75   5.   -0.01   -0.32    0.33   -0.03    0.00    1.31 21 -116.40   32.75
 -116.40   32.80   5.    0.03   -0.28    0.26   -0.03   -0.00    1.36 21 -116.40   32.80
 -116.40   32.85   5.    0.07   -0.23    0.16   -0.03   -0.00    1.42 21 -116.40   32.85
 -116.40   32.90   5.    0.12   -0.16    0.04   -0.04   -0.01    1.46 21 -116.40   32.90
 -116.40   32.95   5.    0.17   -0.08   -0.09   -0.04   -0.01    1.51 21 -116.40   32.95
 -116.40   33.00   5.    0.22    0.02   -0.24   -0.05   -0.01    1.56 21 -116.40   33.00
 -116.40   33.05   5.    0.27    0.11   -0.38   -0.06   -0.01    1.58 21 -116.40   33.05
 -116.40   33.10   5.    0.31    0.22   -0.52   -0.07   -0.01    1.59 21 -116.40   33.10
 -116.40   33.15   5.    0.38    0.28   -0.66   -0.06    0.00    1.58 21 -116.40   33.15
 -116.40   33.20   5.    0.43    0.33   -0.77   -0.06    0.02    1.54 21 -116.40   33.20
 -116.40   33.25   5.    0.50    0.35   -0.85   -0.04    0.02    1.48 21 -116.40   33.25
 -116.40   33.30   5.    0.57    0.35   -0.92   -0.01    0.01    1.43 21 -116.40   33.30
 -116.40   33.35   5.    0.68    0.22   -0.90   -0.01    0.14    1.61 21 -116.40   33.35
 -116.40   33.40   5.    0.72    0.33   -1.05   -0.01    0.12    1.58 21 -116.40   33.40
 -116.40   33.45   5.    0.77    0.44   -1.20   -0.01    0.11    1.54 21 -116.40   33.45
 -116.40   33.50   5.    0.79    0.52   -1.30   -0.00    0.10    1.47 21 -116.40   33.50
 -116.40   33.55   5.    0.82    0.53   -1.35   -0.01    0.09    1.40 21 -116.40   33.55
 -116.40   33.60   5.    0.88    0.48   -1.36   -0.02    0.09    1.33 21 -116.40   33.60
 -116.40   33.65   5.    0.93    0.45   -1.38   -0.02    0.09    1.22 21 -116.40   33.65
 -116.40   33.70   5.    1.04    0.41   -1.44   -0.03    0.09    1.22 21 -116.40   33.70
 -116.40   33.75   5.    1.16    0.40   -1.55   -0.03    0.11    1.19 21 -116.40   33.75
 -116.40   33.80   5.    1.16    0.39   -1.55   -0.03    0.14    1.05 21 -116.40   33.80
 -116.40   33.85   5.    1.20    0.32   -1.51   -0.03    0.17    1.02 21 -116.40   33.85
 -116.40   33.90   5.    1.03    0.21   -1.24   -0.02   -0.00    1.01 21 -116.40   33.90
 -116.40   33.95   5.    0.94   -0.14   -0.81    0.03   -0.22    1.12 21 -116.40   33.95
 -116.40   34.00   5.    1.12   -0.49   -0.63    0.05   -0.25    1.20 21 -116.40   34.00
 -116.35   32.50   5.   -0.75   -3.38    4.12   -0.09   -0.04    8.44 20 -116.35   32.50
 -116.35   32.55   5.   -0.08   -0.36    0.45   -0.01   -0.00    0.93 21 -116.35   32.55
 -116.35   32.60   5.   -0.08   -0.38    0.46   -0.02    0.00    1.02 21 -116.35   32.60
 -116.35   32.65   5.   -0.08   -0.39    0.47   -0.02    0.00    1.11 21 -116.35   32.65
 -116.35   32.70   5.   -0.07   -0.39    0.46   -0.02    0.00    1.20 21 -116.35   32.70
 -116.35   32.75   5.   -0.04   -0.37    0.41   -0.03   -0.00    1.26 21 -116.35   32.75
 -116.35   32.80   5.   -0.01   -0.33    0.34   -0.03   -0.00    1.31 21 -116.35   32.80
 -116.35   32.85   5.    0.03   -0.28    0.24   -0.03   -0.01    1.37 21 -116.35   32.85
 -116.35   32.90   5.    0.08   -0.22    0.14   -0.04   -0.01    1.43 21 -116.35   32.90
 -116.35   32.95   5.    0.13   -0.14    0.01   -0.05   -0.01    1.47 21 -116.35   32.95
 -116.35   33.00   5.    0.19   -0.04   -0.15   -0.05   -0.01    1.52 21 -116.35   33.00
 -116.35   33.05   5.    0.25    0.08   -0.32   -0.07   -0.02    1.58 21 -116.35   33.05
 -116.35   33.10   5.    0.32    0.14   -0.46   -0.07   -0.01    1.57 21 -116.35   33.10
 -116.35   33.15   5.    0.40    0.20   -0.60   -0.06    0.01    1.56 21 -116.35   33.15
 -116.35   33.20   5.    0.48    0.24   -0.73   -0.05    0.02    1.52 21 -116.35   33.20
 -116.35   33.25   5.    0.55    0.25   -0.80   -0.02    0.02    1.45 21 -116.35   33.25
 -116.35   33.30   5.    0.62    0.20   -0.82   -0.01    0.04    1.47 21 -116.35   33.30
 -116.35   33.35   5.    0.65    0.19   -0.85   -0.02    0.13    1.61 21 -116.35   33.35
 -116.35   33.40   5.    0.69    0.30   -0.99   -0.02    0.11    1.59 21 -116.35   33.40
 -116.35   33.45   5.    0.74    0.40   -1.14   -0.02    0.09    1.56 21 -116.35   33.45
 -116.35   33.50   5.    0.80    0.51   -1.31   -0.01    0.08    1.51 21 -116.35   33.50
 -116.35   33.55   5.    0.83    0.42   -1.25   -0.02    0.08    1.36 21 -116.35   33.55
 -116.35   33.60   5.    0.88    0.36   -1.24   -0.03    0.08    1.27 21 -116.35   33.60
 -116.35   33.65   5.    0.96    0.33   -1.29   -0.04    0.09    1.24 21 -116.35   33.65
 -116.35   33.70   5.    1.05    0.31   -1.36   -0.04    0.09    1.22 21 -116.35   33.70
 -116.35   33.75   5.    1.09    0.30   -1.39   -0.04    0.11    1.12 21 -116.35   33.75
 -116.35   33.80   5.    1.18    0.32   -1.50   -0.04    0.14    1.01 21 -116.35   33.80
 -116.35   33.85   5.    1.25    0.30   -1.55   -0.04    0.17    0.94 21 -116.35   33.85
 -116.35   33.90   5.    0.99    0.09   -1.08    0.03   -0.24    0.99 21 -116.35   33.90
 -116.35   33.95   5.    1.15   -0.10   -1.05    0.06   -0.23    1.23 21 -116.35   33.95
 -116.35   34.00   5.    1.24   -0.36   -0.87    0.07   -0.24    1.26 21 -116.35   34.00
 -116.30   32.50   5.   -0.80   -3.38    4.18   -0.09   -0.04    7.91 20 -116.30   32.50
 -116.30   32.55   5.   -0.92   -3.70    4.62   -0.12   -0.02    8.68 20 -116.30   32.55
 -116.30   32.60   5.   -0.10   -0.40    0.50   -0.02    0.00    0.96 21 -116.30   32.60
 -116.30   32.65   5.   -0.10   -0.41    0.51   -0.02    0.00    1.04 21 -116.30   32.65
 -116.30   32.70   5.   -0.09   -0.41    0.50   -0.02    0.00    1.12 21 -116.30   32.70
 -116.30   32.75   5.   -0.08   -0.40    0.48   -0.03   -0.00    1.20 21 -116.30   32.75
 -116.30   32.80   5.   -0.04   -0.37    0.42   -0.03   -0.01    1.26 21 -116.30   32.80
 -116.30   32.85   5.   -0.00   -0.32    0.33   -0.04   -0.01    1.31 21 -116.30   32.85
 -116.30   32.90   5.    0.04   -0.27    0.23   -0.04   -0.01    1.37 21 -116.30   32.90
 -116.30   32.95   5.    0.10   -0.20    0.10   -0.05   -0.01    1.44 21 -116.30   32.95
 -116.30   33.00   5.    0.15   -0.10   -0.05   -0.06   -0.02    1.48 21 -116.30   33.00
 -116.30   33.05   5.    0.23   -0.02   -0.22   -0.06   -0.01    1.53 21 -116.30   33.05
 -116.30   33.10   5.    0.34    0.07   -0.41   -0.07    0.00    1.58 21 -116.30   33.10
 -116.30   33.15   5.    0.42    0.11   -0.53   -0.06    0.02    1.54 21 -116.30   33.15
 -116.30   33.20   5.    0.52    0.10   -0.63   -0.04    0.02    1.47 21 -116.30   33.20
 -116.30   33.25   5.    0.61    0.15   -0.76   -0.02    0.02    1.42 21 -116.30   33.25
 -116.30   33.30   5.    0.58    0.06   -0.65   -0.02    0.12    1.69 21 -116.30   33.30
 -116.30   33.35   5.    0.62    0.17   -0.79   -0.02    0.11    1.64 21 -116.30   33.35
 -116.30   33.40   5.    0.66    0.27   -0.93   -0.03    0.09    1.62 21 -116.30   33.40
 -116.30   33.45   5.    0.71    0.37   -1.08   -0.03    0.07    1.59 21 -116.30   33.45
 -116.30   33.50   5.    0.77    0.38   -1.15   -0.03    0.07    1.44 21 -116.30   33.50
 -116.30   33.55   5.    0.81    0.30   -1.11   -0.04    0.08    1.28 21 -116.30   33.55
 -116.30   33.60   5.    0.85    0.24   -1.09   -0.05    0.08    1.18 21 -116.30   33.60
 -116.30   33.65   5.    0.95    0.22   -1.16   -0.05    0.09    1.18 21 -116.30   33.65
 -116.30   33.70   5.    0.97    0.19   -1.16   -0.05    0.09    1.12 21 -116.30   33.70
 -116.30   33.75   5.    1.01    0.18   -1.19   -0.04    0.11    1.06 21 -116.30   33.75
 -116.30   33.80   5.    1.08    0.19   -1.26   -0.04    0.13    0.96 21 -116.30   33.80
 -116.30   33.85   5.    1.06    0.03   -1.09    0.03   -0.28    0.82 21 -116.30   33.85
 -116.30   33.90   5.    1.20    0.00   -1.20    0.04   -0.29    1.05 21 -116.30   33.90
 -116.30   33.95   5.    1.37   -0.19   -1.18    0.07   -0.28    1.32 21 -116.30   33.95
 -116.30   34.00   5.    1.18   -0.12   -1.06    0.06   -0.21    1.21 21 -116.30   34.00
 -116.25   32.50   5.   -0.84   -3.37    4.21   -0.09   -0.05    7.38 20 -116.25   32.50
 -116.25   32.55   5.   -0.96   -3.67    4.63   -0.12   -0.03    8.08 20 -116.25   32.55
 -116.25   32.60   5.   -0.11   -0.40    0.51   -0.02   -0.00    0.89 21 -116.25   32.60
 -116.25   32.65   5.   -0.13   -0.44    0.56   -0.02    0.00    0.98 21 -116.25   32.65
 -116.25   32.70   5.   -0.12   -0.44    0.56   -0.02   -0.00    1.06 21 -116.25   32.70
 -116.25   32.75   5.   -0.11   -0.43    0.54   -0.02   -0.00    1.13 21 -116.25   32.75
 -116.25   32.80   5.   -0.08   -0.41    0.49   -0.03   -0.01    1.19 21 -116.25   32.80
 -116.25   32.85   5.   -0.04   -0.38    0.42   -0.04   -0.01    1.25 21 -116.25   32.85
 -116.25   32.90   5.    0.01   -0.33    0.32   -0.04   -0.01    1.31 21 -116.25   32.90
 -116.25   32.95   5.    0.06   -0.26    0.20   -0.05   -0.01    1.38 21 -116.25   32.95
 -116.25   33.00   5.    0.13   -0.18    0.05   -0.06   -0.02    1.47 21 -116.25   33.00
 -116.25   33.05   5.    0.24   -0.13   -0.11   -0.07   -0.01    1.50 21 -116.25   33.05
 -116.25   33.10   5.    0.34   -0.05   -0.29   -0.07    0.01    1.53 21 -116.25   33.10
 -116.25   33.15   5.    0.48   -0.06   -0.42   -0.06    0.01    1.52 21 -116.25   33.15
 -116.25   33.20   5.    0.57   -0.07   -0.50   -0.04    0.01    1.44 21 -116.25   33.20
 -116.25   33.25   5.    0.52   -0.03   -0.49   -0.02    0.12    1.72 21 -116.25   33.25
 -116.25   33.30   5.    0.55    0.06   -0.61   -0.02    0.10    1.71 21 -116.25   33.30
 -116.25   33.35   5.    0.59    0.17   -0.76   -0.03    0.08    1.66 21 -116.25   33.35
 -116.25   33.40   5.    0.63    0.27   -0.90   -0.03    0.07    1.64 21 -116.25   33.40
 -116.25   33.45   5.    0.69    0.32   -1.01   -0.03    0.06    1.56 21 -116.25   33.45
 -116.25   33.50   5.    0.75    0.32   -1.07   -0.04    0.07    1.39 21 -116.25   33.50
 -116.25   33.55   5.    0.79    0.26   -1.05   -0.05    0.07    1.23 21 -116.25   33.55
 -116.25   33.60   5.    0.83    0.14   -0.97   -0.06    0.08    1.10 21 -116.25   33.60
 -116.25   33.65   5.    0.83    0.09   -0.92   -0.06    0.08    0.95 21 -116.25   33.65
 -116.25   33.70   5.    0.85    0.07   -0.91   -0.06    0.09    0.88 21 -116.25   33.70
 -116.25   33.75   5.    0.90    0.05   -0.95   -0.04    0.10    0.92 21 -116.25   33.75
 -116.25   33.80   5.    0.93    0.12   -1.05   -0.03   -0.10    0.72 21 -116.25   33.80
 -116.25   33.85   5.    1.11    0.12   -1.23   -0.00   -0.27    0.81 21 -116.25   33.85
 -116.25   33.90   5.    1.35    0.05   -1.39    0.02   -0.31    1.10 21 -116.25   33.90
 -116.25   33.95   5.    1.28    0.07   -1.35    0.02   -0.27    1.15 21 -116.25   33.95
 -116.25   34.00   5.    1.09    0.13   -1.22    0.02   -0.20    1.05 21 -116.25   34.00
 -116.20   32.50   5.   -0.88   -3.35    4.22   -0.09   -0.07    6.84 20 -116.20   32.50
 -116.20   32.55   5.   -0.99   -3.64    4.63   -0.11   -0.04    7.50 20 -116.20   32.55
 -116.20   32.60   5.   -1.18   -4.01    5.19   -0.14   -0.03    8.30 20 -116.20   32.60
 -116.20   32.65   5.   -0.14   -0.44    0.57   -0.02   -0.00    0.92 21 -116.20   32.65
 -116.20   32.70   5.   -0.15   -0.47    0.62   -0.02   -0.00    1.00 21 -116.20   32.70
 -116.20   32.75   5.   -0.13   -0.46    0.60   -0.02   -0.00    1.07 21 -116.20   32.75
 -116.20   32.80   5.   -0.11   -0.44    0.55   -0.03   -0.01    1.12 21 -116.20   32.80
 -116.20   32.85   5.   -0.07   -0.42    0.49   -0.03   -0.01    1.18 21 -116.20   32.85
 -116.20   32.90   5.   -0.03   -0.40    0.43   -0.04   -0.01    1.26 21 -116.20   32.90
 -116.20   32.95   5.    0.03   -0.34    0.32   -0.05   -0.01    1.31 21 -116.20   32.95
 -116.20   33.00   5.    0.12   -0.31    0.19   -0.06   -0.01    1.38 21 -116.20   33.00
 -116.20   33.05   5.    0.24   -0.26    0.02   -0.08   -0.00    1.49 21 -116.20   33.05
 -116.20   33.10   5.    0.37   -0.26   -0.11   -0.09   -0.00    1.46 21 -116.20   33.10
 -116.20   33.15   5.    0.50   -0.28   -0.22   -0.08   -0.01    1.44 21 -116.20   33.15
 -116.20   33.20   5.    0.46   -0.06   -0.39   -0.03    0.12    1.67 21 -116.20   33.20
 -116.20   33.25   5.    0.48    0.01   -0.49   -0.03    0.10    1.67 21 -116.20   33.25
 -116.20   33.30   5.    0.51    0.09   -0.60   -0.03    0.08    1.67 21 -116.20   33.30
 -116.20   33.35   5.    0.55    0.18   -0.74   -0.03    0.06    1.66 21 -116.20   33.35
 -116.20   33.40   5.    0.59    0.26   -0.85   -0.04    0.05    1.60 21 -116.20   33.40
 -116.20   33.45   5.    0.65    0.27   -0.92   -0.05    0.06    1.46 21 -116.20   33.45
 -116.20   33.50   5.    0.73    0.31   -1.04   -0.05    0.06    1.33 21 -116.20   33.50
 -116.20   33.55   5.    0.79    0.27   -1.06   -0.05    0.06    1.19 21 -116.20   33.55
 -116.20   33.60   5.    0.76    0.15   -0.91   -0.06    0.07    0.95 21 -116.20   33.60
 -116.20   33.65   5.    7.29    0.20   -7.50   -0.66    0.79    7.26 20 -116.20   33.65
 -116.20   33.70   5.    7.23   -0.38   -6.85   -0.66    0.84    6.14 20 -116.20   33.70
 -116.20   33.75   5.    7.57   -0.55   -7.02   -0.57    0.92    6.24 20 -116.20   33.75
 -116.20   33.80   5.    0.88    0.16   -1.04   -0.03   -0.21    0.57 21 -116.20   33.80
 -116.20   33.85   5.    1.18    0.23   -1.42   -0.04   -0.26    0.80 21 -116.20   33.85
 -116.20   33.90   5.    1.28    0.23   -1.51   -0.02   -0.28    0.97 21 -116.20   33.90
 -116.20   33.95   5.    1.19    0.34   -1.53   -0.03   -0.24    1.01 21 -116.20   33.95
 -116.20   34.00   5.    1.01    0.38   -1.38   -0.02   -0.18    0.94 21 -116.20   34.00
 -116.15   32.50   5.   -0.88   -3.29    4.17   -0.08   -0.07    6.33 20 -116.15   32.50
 -116.15   32.55   5.   -1.06   -3.65    4.70   -0.11   -0.07    6.97 20 -116.15   32.55
 -116.15   32.60   5.   -1.29   -4.06    5.34   -0.14   -0.06    7.77 20 -116.15   32.60
 -116.15   32.65   5.   -0.15   -0.45    0.60   -0.02   -0.00    0.86 21 -116.15   32.65
 -116.15   32.70   5.   -0.16   -0.48    0.64   -0.02   -0.00    0.94 21 -116.15   32.70
 -116.15   32.75   5.   -0.16   -0.49    0.64   -0.02   -0.00    1.00 21 -116.15   32.75
 -116.15   32.80   5.   -0.14   -0.48    0.62   -0.02   -0.01    1.06 21 -116.15   32.80
 -116.15   32.85   5.   -0.10   -0.47    0.57   -0.03   -0.01    1.11 21 -116.15   32.85
 -116.15   32.90   5.   -0.05   -0.47    0.51   -0.04   -0.00    1.17 21 -116.15   32.90
 -116.15   32.95   5.    0.01   -0.47    0.46   -0.06   -0.01    1.26 21 -116.15   32.95
 -116.15   33.00   5.    0.10   -0.46    0.37   -0.07   -0.01    1.31 21 -116.15   33.00
 -116.15   33.05   5.    0.22   -0.44    0.22   -0.09   -0.02    1.37 21 -116.15   33.05
 -116.15   33.10   5.    0.41   -0.50    0.09   -0.12   -0.02    1.42 21 -116.15   33.10
 -116.15   33.15   5.    0.40   -0.28   -0.11   -0.07    0.03    1.50 21 -116.15   33.15
 -116.15   33.20   5.    0.36   -0.04   -0.32   -0.04    0.08    1.62 21 -116.15   33.20
 -116.15   33.25   5.    0.43    0.03   -0.46   -0.03    0.07    1.64 21 -116.15   33.25
 -116.15   33.30   5.    0.47    0.11   -0.58   -0.03    0.06    1.65 21 -116.15   33.30
 -116.15   33.35   5.    0.51    0.20   -0.71   -0.03    0.04    1.64 21 -116.15   33.35
 -116.15   33.40   5.    0.55    0.21   -0.76   -0.05    0.05    1.50 21 -116.15   33.40
 -116.15   33.45   5.    0.60    0.22   -0.81   -0.06    0.05    1.37 21 -116.15   33.45
 -116.15   33.50   5.    0.67    0.25   -0.92   -0.06    0.06    1.25 21 -116.15   33.50
 -116.15   33.55   5.    0.73    0.27   -1.00   -0.05    0.05    1.07 21 -116.15   33.55
 -116.15   33.60   5.    0.70    0.18   -0.88   -0.05    0.06    0.82 21 -116.15   33.60
 -116.15   33.65   5.    6.82    0.58   -7.40   -0.61    0.73    6.23 20 -116.15   33.65
 -116.15   33.70   5.    6.40   -0.68   -5.72   -0.69    0.78    4.27 20 -116.15   33.70
 -116.15   33.75   5.    5.09   -0.25   -4.84    0.18   -1.59    3.46 20 -116.15   33.75
 -116.15   33.80   5.    0.81    0.11   -0.92   -0.02   -0.20    0.56 21 -116.15   33.80
 -116.15   33.85   5.    1.18    0.31   -1.48   -0.06   -0.25    0.76 21 -116.15   33.85
 -116.15   33.90   5.    1.12    0.43   -1.55   -0.05   -0.22    0.76 21 -116.15   33.90
 -116.15   33.95   5.    1.04    0.53   -1.57   -0.05   -0.19    0.80 21 -116.15   33.95
 -116.15   34.00   5.    0.90    0.59   -1.48   -0.03   -0.14    0.89 21 -116.15   34.00
 -116.10   32.50   5.   -0.85   -3.15    4.00   -0.07   -0.07    5.81 20 -116.10   32.50
 -116.10   32.55   5.   -1.08   -3.59    4.66   -0.09   -0.08    6.33 20 -116.10   32.55
 -116.10   32.60   5.   -1.38   -4.10    5.47   -0.14   -0.08    7.22 20 -116.10   32.60
 -116.10   32.65   5.   -1.70   -4.62    6.32   -0.19   -0.07    8.15 20 -116.10   32.65
 -116.10   32.70   5.   -0.18   -0.49    0.67   -0.02   -0.00    0.88 21 -116.10   32.70
 -116.10   32.75   5.   -0.17   -0.51    0.68   -0.02   -0.00    0.93 21 -116.10   32.75
 -116.10   32.80   5.   -0.16   -0.51    0.67   -0.02   -0.00    0.99 21 -116.10   32.80
 -116.10   32.85   5.   -0.12   -0.54    0.66   -0.03   -0.00    1.04 21 -116.10   32.85
 -116.10   32.90   5.   -0.07   -0.54    0.61   -0.04   -0.00    1.09 21 -116.10   32.90
 -116.10   32.95   5.   -0.01   -0.58    0.59   -0.06   -0.01    1.15 21 -116.10   32.95
 -116.10   33.00   5.    0.07   -0.64    0.57   -0.08   -0.02    1.26 21 -116.10   33.00
 -116.10   33.05   5.    0.18   -0.66    0.48   -0.12   -0.05    1.26 21 -116.10   33.05
 -116.10   33.10   5.    0.36   -0.70    0.35   -0.15   -0.05    1.30 21 -116.10   33.10
 -116.10   33.15   5.    0.20   -0.11   -0.09   -0.04    0.04    1.53 21 -116.10   33.15
 -116.10   33.20   5.    0.28   -0.03   -0.25   -0.04    0.04    1.57 21 -116.10   33.20
 -116.10   33.25   5.    0.34    0.05   -0.39   -0.04    0.04    1.59 21 -116.10   33.25
 -116.10   33.30   5.    0.41    0.13   -0.54   -0.03    0.03    1.63 21 -116.10   33.30
 -116.10   33.35   5.    0.46    0.19   -0.64   -0.04    0.03    1.53 21 -116.10   33.35
 -116.10   33.40   5.    0.50    0.20   -0.70   -0.05    0.04    1.39 21 -116.10   33.40
 -116.10   33.45   5.    0.53    0.18   -0.71   -0.08    0.05    1.29 21 -116.10   33.45
 -116.10   33.50   5.    0.58    0.18   -0.76   -0.08    0.06    1.15 21 -116.10   33.50
 -116.10   33.55   5.    5.67    1.74   -7.40   -0.63    0.56    8.44 20 -116.10   33.55
 -116.10   33.60   5.    6.33    1.87   -8.20   -0.51    0.60    7.01 20 -116.10   33.60
 -116.10   33.65   5.    6.64    1.14   -7.78   -0.54    0.69    5.55 20 -116.10   33.65
 -116.10   33.70   5.    5.14    0.21   -5.35    0.24   -1.44    3.49 20 -116.10   33.70
 -116.10   33.75   5.    5.55   -0.00   -5.55    0.16   -1.61    4.17 20 -116.10   33.75
 -116.10   33.80   5.    0.80    0.08   -0.88   -0.01   -0.20    0.61 21 -116.10   33.80
 -116.10   33.85   5.    0.92    0.32   -1.24   -0.04   -0.18    0.63 21 -116.10   33.85
 -116.10   33.90   5.    0.97    0.56   -1.53   -0.04   -0.17    0.58 21 -116.10   33.90
 -116.10   33.95   5.    0.89    0.63   -1.52   -0.03   -0.14    0.66 21 -116.10   33.95
 -116.10   34.00   5.    0.80    0.72   -1.52   -0.00   -0.10    0.82 21 -116.10   34.00
 -116.05   32.50   5.   -0.83   -3.05    3.88   -0.06   -0.08    5.27 20 -116.05   32.50
 -116.05   32.55   5.   -1.06   -3.47    4.53   -0.05   -0.09    5.64 20 -116.05   32.55
 -116.05   32.60   5.   -1.35   -3.99    5.34   -0.10   -0.09    6.54 20 -116.05   32.60
 -116.05   32.65   5.   -1.67   -4.55    6.22   -0.16   -0.09    7.47 20 -116.05   32.65
 -116.05   32.70   5.   -0.19   -0.51    0.69   -0.02   -0.00    0.82 21 -116.05   32.70
 -116.05   32.75   5.   -0.20   -0.53    0.73   -0.02   -0.00    0.88 21 -116.05   32.75
 -116.05   32.80   5.   -0.17   -0.56    0.73   -0.03    0.00    0.91 21 -116.05   32.80
 -116.05   32.85   5.   -0.13   -0.60    0.73   -0.03    0.00    0.96 21 -116.05   32.85
 -116.05   32.90   5.   -0.09   -0.63    0.72   -0.04   -0.00    1.00 21 -116.05   32.90
 -116.05   32.95   5.   -0.03   -0.69    0.72   -0.05   -0.02    1.05 21 -116.05   32.95
 -116.05   33.00   5.    0.02   -0.73    0.71   -0.09   -0.04    1.11 21 -116.05   33.00
 -116.05   33.05   5.    0.11   -0.84    0.74   -0.16   -0.09    1.17 21 -116.05   33.05
 -116.05   33.10   5.    0.05   -0.27    0.22   -0.03    0.01    1.23 21 -116.05   33.10
 -116.05   33.15   5.    0.10   -0.15    0.05   -0.04    0.01    1.35 21 -116.05   33.15
 -116.05   33.20   5.    0.19   -0.03   -0.16   -0.05    0.02    1.47 21 -116.05   33.20
 -116.05   33.25   5.    0.27    0.06   -0.33   -0.05    0.02    1.53 21 -116.05   33.25
 -116.05   33.30   5.    0.33    0.14   -0.47   -0.04    0.02    1.51 21 -116.05   33.30
 -116.05   33.35   5.    0.39    0.20   -0.59   -0.04    0.02    1.39 21 -116.05   33.35
 -116.05   33.40   5.    0.45    0.22   -0.67   -0.05    0.03    1.28 21 -116.05   33.40
 -116.05   33.45   5.    0.49    0.21   -0.69   -0.07    0.04    1.18 21 -116.05   33.45
 -116.05   33.50   5.    4.36    1.27   -5.63   -0.79    0.53    8.80 20 -116.05   33.50
 -116.05   33.55   5.    4.21    0.97   -5.18   -0.69    0.56    6.39 20 -116.05   33.55
 -116.05   33.60   5.    4.82    1.11   -5.94   -0.59    0.60    5.21 20 -116.05   33.60
 -116.05   33.65   5.    6.11    1.17   -7.28    0.16   -1.38    3.85 20 -116.05   33.65
 -116.05   33.70   5.    6.51    1.51   -8.02    0.09   -1.42    4.81 20 -116.05   33.70
 -116.05   33.75   5.    6.96    1.33   -8.29   -0.01   -1.61    5.61 20 -116.05   33.75
 -116.05   33.80   5.    6.98    1.62   -8.60   -0.12   -1.45    5.72 20 -116.05   33.80
 -116.05   33.85   5.    0.74    0.37   -1.11   -0.03   -0.11    0.54 21 -116.05   33.85
 -116.05   33.90   5.    0.78    0.57   -1.35   -0.03   -0.10    0.52 21 -116.05   33.90
 -116.05   33.95   5.    0.80    0.72   -1.52   -0.01   -0.10    0.59 21 -116.05   33.95
 -116.05   34.00   5.    0.75    0.85   -1.60    0.02   -0.05    0.79 21 -116.05   34.00
 -116.00   32.50   5.   -0.80   -2.95    3.75   -0.05   -0.08    4.78 20 -116.00   32.50
 -116.00   32.55   5.   -1.03   -3.36    4.39   -0.04   -0.09    5.14 20 -116.00   32.55
 -116.00   32.60   5.   -1.32   -3.90    5.22   -0.07   -0.10    5.92 20 -116.00   32.60
 -116.00   32.65   5.   -1.61   -4.48    6.08   -0.13   -0.10    6.80 20 -116.00   32.65
 -116.00   32.70   5.   -1.83   -5.05    6.88   -0.18   -0.07    7.53 20 -116.00   32.70
 -116.00   32.75   5.   -0.20   -0.56    0.76   -0.02   -0.00    0.81 21 -116.00   32.75
 -116.00   32.80   5.   -0.19   -0.62    0.81   -0.03    0.01    0.84 21 -116.00   32.80
 -116.00   32.85   5.   -0.15   -0.66    0.81   -0.03    0.01    0.88 21 -116.00   32.85
 -116.00   32.90   5.   -0.11   -0.71    0.81   -0.04   -0.00    0.89 21 -116.00   32.90
 -116.00   32.95   5.   -0.05   -0.79    0.84   -0.05   -0.02    0.94 21 -116.00   32.95
 -116.00   33.00   5.   -0.06   -0.76    0.82   -0.11   -0.05    0.98 21 -116.00   33.00
 -116.00   33.05   5.   -0.04   -0.54    0.59   -0.07   -0.04    0.99 21 -116.00   33.05
 -116.00   33.10   5.   -0.04   -0.29    0.33   -0.03   -0.01    1.10 21 -116.00   33.10
 -116.00   33.15   5.    0.00   -0.17    0.17   -0.04   -0.00    1.21 21 -116.00   33.15
 -116.00   33.20   5.    0.07   -0.06   -0.01   -0.05    0.00    1.31 21 -116.00   33.20
 -116.00   33.25   5.    0.17    0.05   -0.22   -0.06    0.00    1.43 21 -116.00   33.25
 -116.00   33.30   5.    0.24    0.17   -0.41   -0.06    0.01    1.36 21 -116.00   33.30
 -116.00   33.35   5.    0.29    0.24   -0.53   -0.05    0.02    1.25 21 -116.00   33.35
 -116.00   33.40   5.    0.37    0.27   -0.64   -0.05    0.02    1.16 21 -116.00   33.40
 -116.00   33.45   5.    0.40    0.24   -0.64   -0.05    0.03    0.95 21 -116.00   33.45
 -116.00   33.50   5.    3.57    1.68   -5.25   -0.63    0.41    6.85 20 -116.00   33.50
 -116.00   33.55   5.    3.16    0.69   -3.84   -0.70    0.53    4.76 20 -116.00   33.55
 -116.00   33.60   5.    3.56    0.17   -3.73   -0.29   -0.48    2.28 20 -116.00   33.60
 -116.00   33.65   5.    5.17    1.02   -6.19    0.01   -1.37    2.84 20 -116.00   33.65
 -116.00   33.70   5.    7.01    2.60   -9.62   -0.07   -1.35    5.33 20 -116.00   33.70
 -116.00   33.75   5.    7.01    2.89   -9.90   -0.14   -1.22    6.12 20 -116.00   33.75
 -116.00   33.80   5.    6.15    3.17   -9.32   -0.20   -0.83    5.48 20 -116.00   33.80
 -116.00   33.85   5.    6.25    4.50  -10.74   -0.41   -0.32    4.98 20 -116.00   33.85
 -116.00   33.90   5.    0.64    0.55   -1.20   -0.02   -0.04    0.52 21 -116.00   33.90
 -116.00   33.95   5.    0.69    0.73   -1.42    0.01   -0.04    0.61 21 -116.00   33.95
 -116.00   34.00   5.    0.73    0.88   -1.60    0.02   -0.04    0.78 21 -116.00   34.00
 -115.95   32.50   5.   -0.75   -2.83    3.59   -0.05   -0.08    4.36 20 -115.95   32.50
 -115.95   32.55   5.   -0.97   -3.27    4.23   -0.05   -0.10    4.80 20 -115.95   32.55
 -115.95   32.60   5.   -1.24   -3.79    5.02   -0.07   -0.12    5.44 20 -115.95   32.60
 -115.95   32.65   5.   -1.53   -4.44    5.96   -0.11   -0.12    6.21 20 -115.95   32.65
 -115.95   32.70   5.   -1.79   -5.12    6.91   -0.16   -0.10    7.01 20 -115.95   32.70
 -115.95   32.75   5.   -0.19   -0.58    0.77   -0.02   -0.00    0.75 21 -115.95   32.75
 -115.95   32.80   5.   -0.18   -0.66    0.83   -0.03    0.01    0.78 21 -115.95   32.80
 -115.95   32.85   5.   -0.17   -0.72    0.89   -0.03    0.01    0.78 21 -115.95   32.85
 -115.95   32.90   5.   -0.14   -0.77    0.90   -0.04   -0.01    0.77 21 -115.95   32.90
 -115.95   32.95   5.   -0.12   -0.79    0.91   -0.06   -0.03    0.79 21 -115.95   32.95
 -115.95   33.00   5.   -0.16   -0.73    0.90   -0.12   -0.06    0.83 21 -115.95   33.00
 -115.95   33.05   5.   -1.30   -4.28    5.58   -0.05   -0.33    8.67 20 -115.95   33.05
 -115.95   33.10   5.   -0.12   -0.30    0.42   -0.02   -0.02    0.96 21 -115.95   33.10
 -115.95   33.15   5.   -0.09   -0.19    0.28   -0.04   -0.01    1.08 21 -115.95   33.15
 -115.95   33.20   5.   -0.05   -0.07    0.12   -0.05   -0.01    1.19 21 -115.95   33.20
 -115.95   33.25   5.    0.03    0.04   -0.07   -0.06   -0.01    1.28 21 -115.95   33.25
 -115.95   33.30   5.    0.12    0.21   -0.33   -0.06    0.01    1.18 21 -115.95   33.30
 -115.95   33.35   5.    0.18    0.31   -0.49   -0.06    0.02    1.13 21 -115.95   33.35
 -115.95   33.40   5.    0.24    0.31   -0.55   -0.06    0.02    0.96 21 -115.95   33.40
 -115.95   33.45   5.    2.82    2.70   -5.53   -0.50    0.23    7.27 20 -115.95   33.45
 -115.95   33.50   5.    3.08    2.48   -5.56   -0.53    0.30    5.55 20 -115.95   33.50
 -115.95   33.55   5.    2.78    1.45   -4.24   -0.61    0.44    3.78 20 -115.95   33.55
 -115.95   33.60   5.    3.53    0.01   -3.53   -0.07   -1.35    0.84 20 -115.95   33.60
 -115.95   33.65   5.    4.79    1.02   -5.81   -0.06   -1.45    2.09 20 -115.95   33.65
 -115.95   33.70   5.    6.06    2.48   -8.55   -0.12   -1.33    4.13 20 -115.95   33.70
 -115.95   33.75   5.    5.66    3.65   -9.31   -0.14   -0.74    5.60 20 -115.95   33.75
 -115.95   33.80   5.    5.16    4.19   -9.35   -0.20   -0.37    5.59 20 -115.95   33.80
 -115.95   33.85   5.    5.22    4.59   -9.81   -0.22   -0.13    4.95 20 -115.95   33.85
 -115.95   33.90   5.    5.49    5.44  -10.93   -0.10    0.08    5.07 20 -115.95   33.90
 -115.95   33.95   5.    0.60    0.70   -1.31    0.01   -0.00    0.60 21 -115.95   33.95
 -115.95   34.00   5.    0.67    0.85   -1.51    0.02   -0.02    0.78 21 -115.95   34.00
 -115.90   32.50   5.   -0.70   -2.77    3.47   -0.05   -0.09    4.05 20 -115.90   32.50
 -115.90   32.55   5.   -0.90   -3.19    4.08   -0.05   -0.11    4.40 20 -115.90   32.55
 -115.90   32.60   5.   -1.14   -3.68    4.82   -0.06   -0.13    4.95 20 -115.90   32.60
 -115.90   32.65   5.   -1.39   -4.33    5.72   -0.09   -0.14    5.60 20 -115.90   32.65
 -115.90   32.70   5.   -1.68   -5.08    6.76   -0.14   -0.14    6.39 20 -115.90   32.70
 -115.90   32.75   5.   -1.78   -6.08    7.86   -0.20   -0.06    7.00 20 -115.90   32.75
 -115.90   32.80   5.   -0.17   -0.69    0.86   -0.02    0.00    0.73 21 -115.90   32.80
 -115.90   32.85   5.   -0.17   -0.74    0.91   -0.03   -0.00    0.72 21 -115.90   32.85
 -115.90   32.90   5.   -0.16   -0.80    0.96   -0.04   -0.01    0.68 21 -115.90   32.90
 -115.90   32.95   5.   -0.20   -0.76    0.95   -0.07   -0.04    0.65 21 -115.90   32.95
 -115.90   33.00   5.   -0.24   -0.69    0.93   -0.12   -0.07    0.67 21 -115.90   33.00
 -115.90   33.05   5.   -1.95   -4.11    6.06   -0.02   -0.41    7.88 20 -115.90   33.05
 -115.90   33.10   5.   -2.00   -3.04    5.04   -0.18   -0.29    8.57 20 -115.90   33.10
 -115.90   33.15   5.   -1.79   -1.90    3.69   -0.33   -0.22    9.53 20 -115.90   33.15
 -115.90   33.20   5.   -0.15   -0.08    0.23   -0.05   -0.02    1.07 21 -115.90   33.20
 -115.90   33.25   5.   -0.07    0.07    0.01   -0.06   -0.02    1.10 21 -115.90   33.25
 -115.90   33.30   5.    0.03    0.27   -0.31   -0.07   -0.00    1.01 21 -115.90   33.30
 -115.90   33.35   5.    0.11    0.43   -0.55   -0.08    0.01    0.99 21 -115.90   33.35
 -115.90   33.40   5.    1.13    2.86   -3.99   -0.56    0.23    7.01 20 -115.90   33.40
 -115.90   33.45   5.    1.55    2.42   -3.97   -0.49    0.25    5.17 20 -115.90   33.45
 -115.90   33.50   5.    2.15    2.62   -4.78   -0.49    0.27    4.07 20 -115.90   33.50
 -115.90   33.55   5.    3.99    0.60   -4.59   -0.06   -0.93    2.17 20 -115.90   33.55
 -115.90   33.60   5.    4.29    0.74   -5.03   -0.10   -1.19    1.77 20 -115.90   33.60
 -115.90   33.65   5.    4.92    1.28   -6.21   -0.08   -1.54    1.76 20 -115.90   33.65
 -115.90   33.70   5.    4.62    2.59   -7.20   -0.08   -0.98    3.17 20 -115.90   33.70
 -115.90   33.75   5.    4.43    3.84   -8.27   -0.10   -0.45    4.70 20 -115.90   33.75
 -115.90   33.80   5.    4.27    4.28   -8.55   -0.13   -0.14    5.22 20 -115.90   33.80
 -115.90   33.85   5.    4.35    4.46   -8.80   -0.13    0.04    4.50 20 -115.90   33.85
 -115.90   33.90   5.    4.66    5.27   -9.93   -0.03    0.19    4.67 20 -115.90   33.90
 -115.90   33.95   5.    0.55    0.67   -1.21    0.01   -0.00    0.58 21 -115.90   33.95
 -115.90   34.00   5.    0.60    0.80   -1.40    0.02   -0.01    0.75 21 -115.90   34.00
 -115.85   32.50   5.   -0.66   -2.73    3.39   -0.05   -0.10    3.79 20 -115.85   32.50
 -115.85   32.55   5.   -0.84   -3.14    3.98   -0.05   -0.12    4.11 20 -115.85   32.55
 -115.85   32.60   5.   -1.03   -3.61    4.65   -0.05   -0.15    4.48 20 -115.85   32.60
 -115.85   32.65   5.   -1.26   -4.24    5.49   -0.07   -0.17    5.01 20 -115.85   32.65
 -115.85   32.70   5.   -1.47   -4.93    6.40   -0.12   -0.15    5.55 20 -115.85   32.70
 -115.85   32.75   5.   -1.58   -5.81    7.39   -0.17   -0.08    6.02 20 -115.85   32.75
 -115.85   32.80   5.   -0.17   -0.69    0.86   -0.02   -0.00    0.66 21 -115.85   32.80
 -115.85   32.85   5.   -0.17   -0.75    0.91   -0.03   -0.01    0.67 21 -115.85   32.85
 -115.85   32.90   5.   -0.18   -0.77    0.95   -0.05   -0.02    0.63 21 -115.85   32.90
 -115.85   32.95   5.   -2.41   -7.03    9.44   -0.78   -0.42    5.60 20 -115.85   32.95
 -115.85   33.00   5.   -2.12   -4.80    6.92    0.21   -0.67    6.88 20 -115.85   33.00
 -115.85   33.05   5.   -2.46   -3.58    6.04   -0.02   -0.45    7.30 20 -115.85   33.05
 -115.85   33.10   5.   -2.73   -2.81    5.54   -0.18   -0.32    7.81 20 -115.85   33.10
 -115.85   33.15   5.   -2.67   -1.89    4.56   -0.30   -0.25    8.52 20 -115.85   33.15
 -115.85   33.20   5.   -2.30   -0.93    3.23   -0.41   -0.23    9.43 20 -115.85   33.20
 -115.85   33.25   5.   -0.16   -0.01    0.18   -0.05   -0.03    1.06 21 -115.85   33.25
 -115.85   33.30   5.   -0.42    2.29   -1.88   -0.63   -0.12    8.66 20 -115.85   33.30
 -115.85   33.35   5.    0.66    4.90   -5.56   -0.81    0.00    7.75 20 -115.85   33.35
 -115.85   33.40   5.    0.74    3.39   -4.14   -0.61    0.15    5.41 20 -115.85   33.40
 -115.85   33.45   5.    0.60    2.04   -2.64   -0.48    0.26    3.53 20 -115.85   33.45
 -115.85   33.50   5.    2.44    0.12   -2.56    0.11   -0.88    1.26 20 -115.85   33.50
 -115.85   33.55   5.    4.06    0.82   -4.88   -0.06   -0.83    2.33 20 -115.85   33.55
 -115.85   33.60   5.    5.00    1.33   -6.33   -0.18   -0.96    2.55 20 -115.85   33.60
 -115.85   33.65   5.    4.21    2.00   -6.21   -0.09   -0.83    2.47 20 -115.85   33.65
 -115.85   33.70   5.    3.73    3.11   -6.83   -0.06   -0.55    3.01 20 -115.85   33.70
 -115.85   33.75   5.    3.69    4.05   -7.74   -0.08   -0.19    4.14 20 -115.85   33.75
 -115.85   33.80   5.    3.56    3.94   -7.49   -0.11   -0.00    4.11 20 -115.85   33.80
 -115.85   33.85   5.    3.54    4.02   -7.56   -0.12    0.18    3.63 20 -115.85   33.85
 -115.85   33.90   5.    4.17    5.02   -9.19   -0.03    0.07    4.40 20 -115.85   33.90
 -115.85   33.95   5.    0.50    0.64   -1.14    0.00   -0.01    0.55 21 -115.85   33.95
 -115.85   34.00   5.    0.55    0.75   -1.30    0.01   -0.02    0.70 21 -115.85   34.00
 -115.80   32.50   5.   -0.61   -2.70    3.31   -0.05   -0.11    3.52 20 -115.80   32.50
 -115.80   32.55   5.   -0.78   -3.10    3.88   -0.05   -0.12    3.81 20 -115.80   32.55
 -115.80   32.60   5.   -0.95   -3.48    4.43   -0.05   -0.15    4.08 20 -115.80   32.60
 -115.80   32.65   5.   -1.14   -4.05    5.19   -0.05   -0.18    4.49 20 -115.80   32.65
 -115.80   32.70   5.   -1.31   -4.70    6.01   -0.10   -0.16    4.71 20 -115.80   32.70
 -115.80   32.75   5.   -1.44   -5.43    6.87   -0.16   -0.10    5.05 20 -115.80   32.75
 -115.80   32.80   5.   -1.62   -6.32    7.94   -0.22   -0.14    5.31 20 -115.80   32.80
 -115.80   32.85   5.   -1.73   -7.16    8.89   -0.32   -0.22    5.70 20 -115.80   32.85
 -115.80   32.90   5.   -2.05   -7.03    9.08   -0.59   -0.30    5.69 20 -115.80   32.90
 -115.80   32.95   5.   -2.61   -6.34    8.95   -0.87   -0.46    5.01 20 -115.80   32.95
 -115.80   33.00   5.   -2.58   -4.02    6.59    0.18   -0.68    6.36 20 -115.80   33.00
 -115.80   33.05   5.   -2.98   -2.89    5.87   -0.07   -0.43    6.77 20 -115.80   33.05
 -115.80   33.10   5.   -3.26   -2.13    5.39   -0.22   -0.31    7.26 20 -115.80   33.10
 -115.80   33.15   5.   -3.38   -1.77    5.16   -0.30   -0.26    7.65 20 -115.80   33.15
 -115.80   33.20   5.   -2.85   -1.23    4.08   -0.37   -0.27    8.06 20 -115.80   33.20
 -115.80   33.25   5.   -2.20   -0.49    2.70   -0.47   -0.29    9.03 20 -115.80   33.25
 -115.80   33.30   5.   -1.28    0.85    0.42   -0.57   -0.25    9.06 20 -115.80   33.30
 -115.80   33.35   5.   -0.11    3.13   -3.01   -0.64   -0.08    6.33 20 -115.80   33.35
 -115.80   33.40   5.    0.58    4.22   -4.80   -0.66    0.07    4.34 20 -115.80   33.40
 -115.80   33.45   5.    1.92    0.24   -2.16    0.11   -0.86    1.43 20 -115.80   33.45
 -115.80   33.50   5.    2.46    0.00   -2.46    0.17   -0.98    1.16 20 -115.80   33.50
 -115.80   33.55   5.    3.98    0.68   -4.66    0.00   -0.93    2.14 20 -115.80   33.55
 -115.80   33.60   5.    3.99    1.65   -5.64   -0.12   -0.51    2.61 20 -115.80   33.60
 -115.80   33.65   5.    3.35    2.35   -5.70   -0.07   -0.32    2.68 20 -115.80   33.65
 -115.80   33.70   5.    3.12    3.35   -6.47   -0.05   -0.14    3.21 20 -115.80   33.70
 -115.80   33.75   5.    3.01    3.62   -6.63   -0.07   -0.05    3.49 20 -115.80   33.75
 -115.80   33.80   5.    2.89    3.54   -6.43   -0.10    0.12    3.48 20 -115.80   33.80
 -115.80   33.85   5.    3.20    3.93   -7.14   -0.08    0.09    3.53 20 -115.80   33.85
 -115.80   33.90   5.    3.74    4.76   -8.50   -0.02   -0.04    4.14 20 -115.80   33.90
 -115.80   33.95   5.    4.42    5.99  -10.40    0.04   -0.18    5.16 20 -115.80   33.95
 -115.80   34.00   5.    0.49    0.70   -1.19    0.01   -0.02    0.64 21 -115.80   34.00
 -115.75   32.50   5.   -0.54   -2.66    3.20   -0.04   -0.11    3.24 20 -115.75   32.50
 -115.75   32.55   5.   -0.70   -2.99    3.70   -0.05   -0.12    3.46 20 -115.75   32.55
 -115.75   32.60   5.   -0.86   -3.28    4.15   -0.04   -0.15    3.66 20 -115.75   32.60
 -115.75   32.65   5.   -1.02   -3.72    4.74   -0.05   -0.16    3.92 20 -115.75   32.65
 -115.75   32.70   5.   -1.15   -4.25    5.40   -0.11   -0.12    4.04 20 -115.75   32.70
 -115.75   32.75   5.   -1.34   -4.97    6.31   -0.16   -0.11    4.14 20 -115.75   32.75
 -115.75   32.80   5.   -1.68   -5.89    7.57   -0.17   -0.24    4.06 20 -115.75   32.80
 -115.75   32.85   5.   -1.90   -6.70    8.60   -0.24   -0.33    4.24 20 -115.75   32.85
 -115.75   32.90   5.   -2.40   -6.44    8.83   -0.53   -0.39    4.31 20 -115.75   32.90
 -115.75   32.95   5.   -2.47   -4.53    7.00    0.48   -1.05    5.73 20 -115.75   32.95
 -115.75   33.00   5.   -3.05   -3.20    6.25    0.12   -0.67    5.80 20 -115.75   33.00
 -115.75   33.05   5.   -3.47   -2.12    5.59   -0.13   -0.41    6.22 20 -115.75   33.05
 -115.75   33.10   5.   -3.70   -1.41    5.11   -0.29   -0.27    6.66 20 -115.75   33.10
 -115.75   33.15   5.   -3.57   -1.37    4.95   -0.33   -0.28    6.66 20 -115.75   33.15
 -115.75   33.20   5.   -3.39   -1.54    4.93   -0.32   -0.30    6.77 20 -115.75   33.20
 -115.75   33.25   5.   -2.74   -0.83    3.58   -0.41   -0.31    7.56 20 -115.75   33.25
 -115.75   33.30   5.   -2.07   -0.04    2.12   -0.53   -0.34    8.92 20 -115.75   33.30
 -115.75   33.35   5.   -0.87    1.82   -0.95   -0.58   -0.20    6.75 20 -115.75   33.35
 -115.75   33.40   5.    1.86    1.00   -2.85   -0.08   -0.55    2.62 20 -115.75   33.40
 -115.75   33.45   5.    2.51    0.77   -3.28   -0.02   -0.77    2.19 20 -115.75   33.45
 -115.75   33.50   5.    3.04    0.33   -3.37    0.11   -1.00    1.77 20 -115.75   33.50
 -115.75   33.55   5.    3.17    0.96   -4.13    0.05   -0.71    1.91 20 -115.75   33.55
 -115.75   33.60   5.    2.98    1.87   -4.85   -0.05   -0.29    2.27 20 -115.75   33.60
 -115.75   33.65   5.    2.63    2.47   -5.10   -0.05   -0.04    2.53 20 -115.75   33.65
 -115.75   33.70   5.    2.60    2.99   -5.59   -0.07   -0.03    2.80 20 -115.75   33.70
 -115.75   33.75   5.    2.47    3.22   -5.69   -0.09    0.06    3.05 20 -115.75   33.75
 -115.75   33.80   5.    2.52    3.35   -5.88   -0.09    0.09    3.25 20 -115.75   33.80
 -115.75   33.85   5.    2.95    3.88   -6.82   -0.05   -0.02    3.42 20 -115.75   33.85
 -115.75   33.90   5.    3.38    4.52   -7.90    0.00   -0.14    3.91 20 -115.75   33.90
 -115.75   33.95   5.    3.87    5.48   -9.35    0.01   -0.16    4.77 20 -115.75   33.95
 -115.75   34.00   5.    0.43    0.64   -1.08    0.00   -0.02    0.59 21 -115.75   34.00
 -115.70   32.50   5.   -0.47   -2.63    3.10   -0.04   -0.10    2.97 20 -115.70   32.50
 -115.70   32.55   5.   -0.63   -2.87    3.50   -0.05   -0.11    3.19 20 -115.70   32.55
 -115.70   32.60   5.   -0.78   -3.09    3.88   -0.04   -0.13    3.34 20 -115.70   32.60
 -115.70   32.65   5.   -0.89   -3.35    4.24   -0.07   -0.11    3.37 20 -115.70   32.65
 -115.70   32.70   5.   -0.99   -3.79    4.78   -0.12   -0.06    3.46 20 -115.70   32.70
 -115.70   32.75   5.   -1.24   -4.32    5.56   -0.15   -0.11    3.36 20 -115.70   32.75
 -115.70   32.80   5.   -1.66   -5.16    6.81   -0.14   -0.27    3.07 20 -115.70   32.80
 -115.70   32.85   5.   -2.32   -6.31    8.63   -0.17   -0.42    2.89 20 -115.70   32.85
 -115.70   32.90   5.   -2.86   -6.31    9.17   -0.38   -0.48    2.96 20 -115.70   32.90
 -115.70   32.95   5.   -3.00   -3.15    6.15    0.29   -1.07    5.30 20 -115.70   32.95
 -115.70   33.00   5.   -3.57   -2.33    5.90    0.02   -0.63    5.20 20 -115.70   33.00
 -115.70   33.05   5.   -3.88   -1.39    5.27   -0.21   -0.41    5.50 20 -115.70   33.05
 -115.70   33.10   5.   -3.84   -0.88    4.72   -0.34   -0.30    5.64 20 -115.70   33.10
 -115.70   33.15   5.   -3.76   -0.81    4.57   -0.38   -0.27    5.74 20 -115.70   33.15
 -115.70   33.20   5.   -3.61   -1.09    4.70   -0.36   -0.30    5.82 20 -115.70   33.20
 -115.70   33.25   5.   -3.28   -1.17    4.45   -0.36   -0.34    6.17 20 -115.70   33.25
 -115.70   33.30   5.   -2.62   -0.43    3.05   -0.46   -0.36    7.30 20 -115.70   33.30
 -115.70   33.35   5.   -1.54    0.58    0.96   -0.19    0.11    1.17 20 -115.70   33.35
 -115.70   33.40   5.    0.87    0.91   -1.78   -0.19   -0.38    2.05 20 -115.70   33.40
 -115.70   33.45   5.    2.83    1.27   -4.10   -0.17   -0.64    2.64 20 -115.70   33.45
 -115.70   33.50   5.    2.56    1.18   -3.74   -0.03   -0.59    1.85 20 -115.70   33.50
 -115.70   33.55   5.    2.52    1.58   -4.11   -0.02   -0.36    1.79 20 -115.70   33.55
 -115.70   33.60   5.    2.42    2.34   -4.75   -0.08   -0.03    2.12 20 -115.70   33.60
 -115.70   33.65   5.    2.24    2.58   -4.82   -0.09   -0.01    2.23 20 -115.70   33.65
 -115.70   33.70   5.    2.21    2.94   -5.15   -0.10    0.00    2.47 20 -115.70   33.70
 -115.70   33.75   5.    2.18    3.14   -5.32   -0.10    0.04    2.70 20 -115.70   33.75
 -115.70   33.80   5.    2.37    3.34   -5.71   -0.07   -0.03    2.95 20 -115.70   33.80
 -115.70   33.85   5.    2.72    3.80   -6.52   -0.04   -0.14    3.20 20 -115.70   33.85
 -115.70   33.90   5.    3.03    4.35   -7.38   -0.01   -0.14    3.66 20 -115.70   33.90
 -115.70   33.95   5.    3.41    5.10   -8.50   -0.01   -0.14    4.40 20 -115.70   33.95
 -115.70   34.00   5.    3.80    5.91   -9.71   -0.00   -0.14    5.43 20 -115.70   34.00
 -115.65   32.50   5.   -0.39   -2.58    2.97   -0.04   -0.09    2.69 20 -115.65   32.50
 -115.65   32.55   5.   -0.56   -2.74    3.30   -0.06   -0.08    2.97 20 -115.65   32.55
 -115.65   32.60   5.   -0.71   -2.93    3.65   -0.07   -0.09    3.14 20 -115.65   32.60
 -115.65   32.65   5.   -0.82   -3.09    3.90   -0.11   -0.06    3.11 20 -115.65   32.65
 -115.65   32.70   5.   -0.86   -3.37    4.23   -0.15   -0.00    3.03 20 -115.65   32.70
 -115.65   32.75   5.   -1.17   -3.60    4.77   -0.14   -0.12    2.65 20 -115.65   32.75
 -115.65   32.80   5.   -1.57   -4.10    5.67   -0.13   -0.27    2.31 20 -115.65   32.80
 -115.65   32.85   5.   -2.35   -4.88    7.23   -0.01   -0.44    1.78 20 -115.65   32.85
 -115.65   32.90   5.   -2.90   -4.76    7.66    0.11   -0.88    2.72 20 -115.65   32.90
 -115.65   32.95   5.   -3.56   -1.57    5.13    0.01   -0.98    4.76 20 -115.65   32.95
 -115.65   33.00   5.   -4.13   -0.87    5.00   -0.24   -0.61    4.76 20 -115.65   33.00
 -115.65   33.05   5.   -4.06   -0.79    4.85   -0.28   -0.47    4.66 20 -115.65   33.05
 -115.65   33.10   5.   -4.05   -0.36    4.41   -0.39   -0.37    4.84 20 -115.65   33.10
 -115.65   33.15   5.   -4.10   -0.13    4.22   -0.48   -0.28    5.08 20 -115.65   33.15
 -115.65   33.20   5.   -3.89   -0.43    4.31   -0.45   -0.29    5.08 20 -115.65   33.20
 -115.65   33.25   5.   -4.22    0.67    3.55    0.49    1.03    3.50 20 -115.65   33.25
 -115.65   33.30   5.   -2.98    0.47    2.52    0.06    0.58    2.30 20 -115.65   33.30
 -115.65   33.35   5.   -1.89    0.51    1.39   -0.26    0.06    1.41 20 -115.65   33.35
 -115.65   33.40   5.    0.01    0.86   -0.87   -0.33   -0.36    1.82 20 -115.65   33.40
 -115.65   33.45   5.    1.43    1.37   -2.80   -0.19   -0.35    1.70 20 -115.65   33.45
 -115.65   33.50   5.    1.77    1.79   -3.56   -0.10   -0.24    1.40 20 -115.65   33.50
 -115.65   33.55   5.    1.81    2.17   -3.98   -0.09   -0.04    1.47 20 -115.65   33.55
 -115.65   33.60   5.    1.94    2.38   -4.32   -0.11    0.01    1.76 20 -115.65   33.60
 -115.65   33.65   5.    1.77    2.63   -4.40   -0.12    0.03    1.87 20 -115.65   33.65
 -115.65   33.70   5.    1.82    2.91   -4.73   -0.12    0.01    2.10 20 -115.65   33.70
 -115.65   33.75   5.    2.00    3.10   -5.10   -0.09   -0.04    2.39 20 -115.65   33.75
 -115.65   33.80   5.    2.19    3.32   -5.51   -0.07   -0.11    2.61 20 -115.65   33.80
 -115.65   33.85   5.    2.45    3.66   -6.11   -0.04   -0.15    2.93 20 -115.65   33.85
 -115.65   33.90   5.    2.71    4.17   -6.87   -0.03   -0.13    3.39 20 -115.65   33.90
 -115.65   33.95   5.    3.01    4.80   -7.82   -0.02   -0.14    4.03 20 -115.65   33.95
 -115.65   34.00   5.    3.33    5.39   -8.72   -0.01   -0.14    4.87 20 -115.65   34.00
 -115.60   32.50   5.   -0.32   -2.53    2.85   -0.04   -0.06    2.45 20 -115.60   32.50
 -115.60   32.55   5.   -0.50   -2.73    3.23   -0.07   -0.06    2.79 20 -115.60   32.55
 -115.60   32.60   5.   -0.65   -2.71    3.36   -0.11   -0.04    2.93 20 -115.60   32.60
 -115.60   32.65   5.   -0.78   -2.81    3.58   -0.14   -0.03    2.92 20 -115.60   32.65
 -115.60   32.70   5.   -0.86   -3.00    3.86   -0.18    0.01    2.85 20 -115.60   32.70
 -115.60   32.75   5.   -1.12   -3.02    4.14   -0.16   -0.11    2.26 20 -115.60   32.75
 -115.60   32.80   5.   -1.59   -3.14    4.73   -0.04   -0.28    1.57 20 -115.60   32.80
 -115.60   32.85   5.   -2.45   -3.71    6.16    0.26   -0.49    0.67 20 -115.60   32.85
 -115.60   32.90   5.   -2.66   -1.88    4.54    0.26   -1.45    4.13 20 -115.60   32.90
 -115.60   32.95   5.   -4.11    0.10    4.02   -0.37   -0.85    4.14 20 -115.60   32.95
 -115.60   33.00   5.   -4.36    0.46    3.90   -0.44   -0.61    4.16 20 -115.60   33.00
 -115.60   33.05   5.   -4.33    0.38    3.95   -0.45   -0.51    4.09 20 -115.60   33.05
 -115.60   33.10   5.   -4.34    0.35    3.98   -0.48   -0.45    4.18 20 -115.60   33.10
 -115.60   33.15   5.   -5.28    1.18    4.10    0.83    0.79    3.25 20 -115.60   33.15
 -115.60   33.20   5.   -5.16    1.03    4.13    0.66    0.74    3.58 20 -115.60   33.20
 -115.60   33.25   5.   -4.80    0.63    4.17    0.24    0.86    3.50 20 -115.60   33.25
 -115.60   33.30   5.   -3.85    0.31    3.55   -0.13    0.64    2.77 20 -115.60   33.30
 -115.60   33.35   5.   -2.28    0.40    1.88   -0.32    0.06    1.67 20 -115.60   33.35
 -115.60   33.40   5.   -1.15    0.91    0.24   -0.38   -0.25    1.18 20 -115.60   33.40
 -115.60   33.45   5.    0.35    1.45   -1.80   -0.19   -0.17    0.89 20 -115.60   33.45
 -115.60   33.50   5.    0.98    2.03   -3.01   -0.10   -0.05    0.70 20 -115.60   33.50
 -115.60   33.55   5.    1.19    2.09   -3.28   -0.11   -0.01    0.96 20 -115.60   33.55
 -115.60   33.60   5.    1.27    2.29   -3.56   -0.13    0.04    1.22 20 -115.60   33.60
 -115.60   33.65   5.    1.35    2.57   -3.92   -0.13    0.05    1.49 20 -115.60   33.65
 -115.60   33.70   5.    1.55    2.73   -4.28   -0.11   -0.03    1.74 20 -115.60   33.70
 -115.60   33.75   5.    1.77    2.99   -4.76   -0.09   -0.09    2.07 20 -115.60   33.75
 -115.60   33.80   5.    1.95    3.20   -5.15   -0.07   -0.13    2.32 20 -115.60   33.80
 -115.60   33.85   5.    2.16    3.51   -5.67   -0.05   -0.13    2.67 20 -115.60   33.85
 -115.60   33.90   5.    2.40    3.99   -6.39   -0.04   -0.12    3.12 20 -115.60   33.90
 -115.60   33.95   5.    2.67    4.45   -7.11   -0.03   -0.13    3.67 20 -115.60   33.95
 -115.60   34.00   5.    2.93    4.95   -7.87   -0.02   -0.13    4.39 20 -115.60   34.00
 -115.55   32.50   5.   -0.28   -2.64    2.91   -0.05   -0.04    2.33 20 -115.55   32.50
 -115.55   32.55   5.   -0.47   -2.83    3.31   -0.08   -0.04    2.70 20 -115.55   32.55
 -115.55   32.60   5.   -0.63   -2.64    3.27   -0.14   -0.03    2.83 20 -115.55   32.60
 -115.55   32.65   5.   -0.76   -2.53    3.30   -0.18   -0.01    2.78 20 -115.55   32.65
 -115.55   32.70   5.   -0.87   -2.58    3.46   -0.21   -0.00    2.59 20 -115.55   32.70
 -115.55   32.75   5.   -1.00   -2.51    3.51   -0.19   -0.07    1.99 20 -115.55   32.75
 -115.55   32.80   5.   -1.45   -2.45    3.89    0.06   -0.19    1.37 20 -115.55   32.80
 -115.55   32.85   5.   -2.38   -2.77    5.15    0.47   -0.46    0.20 20 -115.55   32.85
 -115.55   32.90   5.   -3.04   -0.10    3.14   -0.15   -1.11    3.14 20 -115.55   32.90
 -115.55   32.95   5.   -3.93    1.05    2.88   -0.47   -0.73    3.13 20 -115.55   32.95
 -115.55   33.00   5.   -4.67    1.65    3.02   -0.13    0.10    3.10 20 -115.55   33.00
 -115.55   33.05   5.   -5.35    1.30    4.04    0.66    1.11    2.64 20 -115.55   33.05
 -115.55   33.10   5.   -5.63    1.19    4.44    0.43    0.91    2.89 20 -115.55   33.10
 -115.55   33.15   5.   -5.71    1.18    4.54    0.44    0.74    3.41 20 -115.55   33.15
 -115.55   33.20   5.   -5.82    1.23    4.59    0.36    0.61    3.94 20 -115.55   33.20
 -115.55   33.25   5.   -5.44    0.69    4.75   -0.05    0.71    3.69 20 -115.55   33.25
 -115.55   33.30   5.   -4.50    0.00    4.49   -0.24    0.64    2.87 20 -115.55   33.30
 -115.55   33.35   5.   -2.54    0.16    2.38   -0.25    0.14    1.43 20 -115.55   33.35
 -115.55   33.40   5.   -1.71    0.61    1.10   -0.29   -0.10    0.45 20 -115.55   33.40
 -115.55   33.45   5.   -0.54    1.60   -1.06   -0.24   -0.09    0.33 20 -115.55   33.45
 -115.55   33.50   5.    0.37    1.68   -2.05   -0.14   -0.03    0.40 20 -115.55   33.50
 -115.55   33.55   5.    0.70    1.95   -2.65   -0.13    0.01    0.49 20 -115.55   33.55
 -115.55   33.60   5.    0.84    2.10   -2.94   -0.13    0.03    0.80 20 -115.55   33.60
 -115.55   33.65   5.    1.11    2.34   -3.45   -0.13   -0.00    1.12 20 -115.55   33.65
 -115.55   33.70   5.    1.31    2.54   -3.85   -0.11   -0.07    1.38 20 -115.55   33.70
 -115.55   33.75   5.    1.51    2.76   -4.27   -0.09   -0.11    1.72 20 -115.55   33.75
 -115.55   33.80   5.    1.70    3.02   -4.72   -0.07   -0.11    2.05 20 -115.55   33.80
 -115.55   33.85   5.    1.89    3.33   -5.23   -0.06   -0.10    2.38 20 -115.55   33.85
 -115.55   33.90   5.    2.12    3.72   -5.84   -0.05   -0.11    2.83 20 -115.55   33.90
 -115.55   33.95   5.    2.35    4.11   -6.47   -0.04   -0.12    3.35 20 -115.55   33.95
 -115.55   34.00   5.    2.58    4.57   -7.15   -0.03   -0.13    3.97 20 -115.55   34.00
 -115.50   32.50   5.   -0.20   -2.67    2.87   -0.07   -0.03    1.88 20 -115.50   32.50
 -115.50   32.55   5.   -0.48   -2.73    3.20   -0.13   -0.04    2.71 20 -115.50   32.55
 -115.50   32.60   5.   -0.64   -2.52    3.16   -0.20   -0.03    2.88 20 -115.50   32.60
 -115.50   32.65   5.   -0.78   -2.40    3.18   -0.24   -0.01    2.86 20 -115.50   32.65
 -115.50   32.70   5.   -0.91   -2.25    3.17   -0.19   -0.01    2.40 20 -115.50   32.70
 -115.50   32.75   5.   -1.06   -2.04    3.10   -0.07   -0.05    1.88 20 -115.50   32.75
 -115.50   32.80   5.   -1.27   -1.73    3.00    0.16   -0.08    1.47 20 -115.50   32.80
 -115.50   32.85   5.   -2.46   -0.46    2.92    0.20   -1.32    3.02 20 -115.50   32.85
 -115.50   32.90   5.   -4.11    2.38    1.74    0.71    0.35    3.09 20 -115.50   32.90
 -115.50   32.95   5.   -4.99    2.27    2.72    1.02    1.14    3.39 20 -115.50   32.95
 -115.50   33.00   5.   -5.30    1.50    3.80    0.78    1.15    2.98 20 -115.50   33.00
 -115.50   33.05   5.   -5.62    1.20    4.43    0.53    1.01    3.03 20 -115.50   33.05
 -115.50   33.10   5.   -5.97    1.10    4.88    0.24    0.82    3.18 20 -115.50   33.10
 -115.50   33.15   5.   -6.18    1.11    5.07    0.08    0.67    3.58 20 -115.50   33.15
 -115.50   33.20   5.   -5.90    0.98    4.93    0.04    0.53    3.93 20 -115.50   33.20
 -115.50   33.25   5.   -5.07    0.41    4.66   -0.13    0.45    3.37 20 -115.50   33.25
 -115.50   33.30   5.   -4.07   -0.16    4.23   -0.23    0.33    2.40 20 -115.50   33.30
 -115.50   33.35   5.   -2.71   -0.18    2.89   -0.23    0.08    1.22 20 -115.50   33.35
 -115.50   33.40   5.   -1.78    0.17    1.61   -0.22   -0.02    0.47 20 -115.50   33.40
 -115.50   33.45   5.   -1.37    1.11    0.26   -0.30   -0.06    0.00 20 -115.50   33.45
 -115.50   33.50   5.   -0.15    1.53   -1.38   -0.19    0.00    0.16 20 -115.50   33.50
 -115.50   33.55   5.    0.35    1.70   -2.06   -0.15    0.01    0.23 20 -115.50   33.55
 -115.50   33.60   5.    0.64    1.84   -2.48   -0.13   -0.00    0.54 20 -115.50   33.60
 -115.50   33.65   5.    0.88    2.05   -2.93   -0.12   -0.05    0.81 20 -115.50   33.65
 -115.50   33.70   5.    1.10    2.32   -3.43   -0.11   -0.09    1.09 20 -115.50   33.70
 -115.50   33.75   5.    1.28    2.51   -3.79   -0.09   -0.09    1.45 20 -115.50   33.75
 -115.50   33.80   5.    1.47    2.82   -4.29   -0.08   -0.09    1.77 20 -115.50   33.80
 -115.50   33.85   5.    1.66    3.09   -4.74   -0.06   -0.09    2.13 20 -115.50   33.85
 -115.50   33.90   5.    1.87    3.43   -5.30   -0.05   -0.10    2.56 20 -115.50   33.90
 -115.50   33.95   5.    2.07    3.80   -5.88   -0.04   -0.11    3.04 20 -115.50   33.95
 -115.50   34.00   5.    2.32    4.22   -6.54   -0.03   -0.13    3.63 20 -115.50   34.00
 -115.45   32.50   5.   -0.32   -2.76    3.08   -0.10   -0.06    1.47 20 -115.45   32.50
 -115.45   32.55   5.   -0.61   -2.77    3.38   -0.16   -0.08    2.27 20 -115.45   32.55
 -115.45   32.60   5.   -0.69   -2.31    3.00   -0.28   -0.05    3.09 20 -115.45   32.60
 -115.45   32.65   5.   -0.82   -1.98    2.79   -0.27   -0.05    2.73 20 -115.45   32.65
 -115.45   32.70   5.   -0.96   -1.89    2.85   -0.20   -0.05    2.24 20 -115.45   32.70
 -115.45   32.75   5.   -1.13   -1.81    2.94   -0.04   -0.07    1.75 20 -115.45   32.75
 -115.45   32.80   5.   -2.11    0.48    1.63    0.51   -0.06    1.77 20 -115.45   32.80
 -115.45   32.85   5.   -4.09    4.25   -0.16    1.11    0.22    3.11 20 -115.45   32.85
 -115.45   32.90   5.   -4.62    3.25    1.37    1.02    0.71    3.88 20 -115.45   32.90
 -115.45   32.95   5.   -5.22    2.45    2.77    0.91    0.97    4.17 20 -115.45   32.95
 -115.45   33.00   5.   -5.53    1.65    3.88    0.66    0.96    3.76 20 -115.45   33.00
 -115.45   33.05   5.   -5.91    1.08    4.84    0.42    0.90    3.57 20 -115.45   33.05
 -115.45   33.10   5.   -5.88    0.76    5.13    0.14    0.72    3.61 20 -115.45   33.10
 -115.45   33.15   5.   -5.85    0.50    5.36   -0.03    0.58    3.71 20 -115.45   33.15
 -115.45   33.20   5.   -5.46    0.34    5.12   -0.12    0.43    3.76 20 -115.45   33.20
 -115.45   33.25   5.   -4.83    0.05    4.77   -0.25    0.28    3.26 20 -115.45   33.25
 -115.45   33.30   5.   -3.69   -0.43    4.12   -0.25    0.14    2.18 20 -115.45   33.30
 -115.45   33.35   5.   -2.66   -0.63    3.30   -0.20    0.05    1.27 20 -115.45   33.35
 -115.45   33.40   5.   -1.74   -0.29    2.03   -0.18   -0.01    0.59 20 -115.45   33.40
 -115.45   33.45   5.   -1.47    0.25    1.22   -0.22   -0.00    0.01 20 -115.45   33.45
 -115.45   33.50   5.   -0.84    1.48   -0.64   -0.31    0.02    0.11 20 -115.45   33.50
 -115.45   33.55   5.    0.12    1.43   -1.55   -0.17    0.00    0.25 20 -115.45   33.55
 -115.45   33.60   5.    0.46    1.60   -2.06   -0.14   -0.02    0.35 20 -115.45   33.60
 -115.45   33.65   5.    0.70    1.77   -2.47   -0.12   -0.05    0.66 20 -115.45   33.65
 -115.45   33.70   5.    0.92    2.05   -2.97   -0.11   -0.07    0.93 20 -115.45   33.70
 -115.45   33.75   5.    1.08    2.26   -3.34   -0.09   -0.07    1.24 20 -115.45   33.75
 -115.45   33.80   5.    1.27    2.54   -3.81   -0.08   -0.08    1.56 20 -115.45   33.80
 -115.45   33.85   5.    1.46    2.81   -4.26   -0.07   -0.08    1.93 20 -115.45   33.85
 -115.45   33.90   5.    1.65    3.15   -4.80   -0.06   -0.10    2.31 20 -115.45   33.90
 -115.45   33.95   5.    1.85    3.48   -5.33   -0.04   -0.11    2.79 20 -115.45   33.95
 -115.45   34.00   5.    2.08    3.87   -5.96   -0.03   -0.13    3.34 20 -115.45   34.00
 -115.40   32.50   5.   -0.53   -2.98    3.51   -0.09   -0.11    1.10 20 -115.40   32.50
 -115.40   32.55   5.   -0.97   -3.29    4.26   -0.16   -0.15    1.91 20 -115.40   32.55
 -115.40   32.60   5.   -0.95   -2.25    3.20   -0.24   -0.12    2.51 20 -115.40   32.60
 -115.40   32.65   5.   -0.85   -1.40    2.25   -0.33   -0.11    2.67 20 -115.40   32.65
 -115.40   32.70   5.   -1.00   -1.40    2.40   -0.25   -0.10    2.18 20 -115.40   32.70
 -115.40   32.75   5.   -3.71    3.24    0.47    0.82    0.09    3.08 20 -115.40   32.75
 -115.40   32.80   5.   -3.79    3.69    0.10    0.80    0.11    3.39 20 -115.40   32.80
 -115.40   32.85   5.   -3.92    4.02   -0.10    0.79    0.20    3.84 20 -115.40   32.85
 -115.40   32.90   5.   -4.55    3.22    1.34    0.74    0.57    4.47 20 -115.40   32.90
 -115.40   32.95   5.   -5.47    2.65    2.82    0.77    0.80    4.99 20 -115.40   32.95
 -115.40   33.00   5.   -5.17    1.45    3.72    0.50    0.75    4.44 20 -115.40   33.00
 -115.40   33.05   5.   -5.09    0.45    4.64    0.30    0.72    4.08 20 -115.40   33.05
 -115.40   33.10   5.   -5.19    0.13    5.06    0.08    0.59    4.09 20 -115.40   33.10
 -115.40   33.15   5.   -5.48   -0.15    5.62   -0.07    0.51    4.08 20 -115.40   33.15
 -115.40   33.20   5.   -5.01   -0.31    5.32   -0.20    0.35    3.82 20 -115.40   33.20
 -115.40   33.25   5.   -4.27   -0.54    4.81   -0.25    0.19    3.21 20 -115.40   33.25
 -115.40   33.30   5.   -3.15   -0.86    4.01   -0.20    0.08    2.16 20 -115.40   33.30
 -115.40   33.35   5.   -2.29   -0.99    3.28   -0.16   -0.00    1.27 20 -115.40   33.35
 -115.40   33.40   5.   -1.61   -0.76    2.37   -0.14   -0.03    0.66 20 -115.40   33.40
 -115.40   33.45   5.   -1.29   -0.37    1.66   -0.17    0.01    0.38 20 -115.40   33.45
 -115.40   33.50   5.   -1.31    0.42    0.90   -0.32    0.03    0.22 20 -115.40   33.50
 -115.40   33.55   5.   -0.19    1.24   -1.06   -0.26    0.00    0.42 20 -115.40   33.55
 -115.40   33.60   5.    0.32    1.35   -1.66   -0.16   -0.02    0.40 20 -115.40   33.60
 -115.40   33.65   5.    0.57    1.51   -2.08   -0.12   -0.04    0.63 20 -115.40   33.65
 -115.40   33.70   5.    0.75    1.75   -2.50   -0.10   -0.05    0.86 20 -115.40   33.70
 -115.40   33.75   5.    0.93    2.00   -2.92   -0.09   -0.06    1.12 20 -115.40   33.75
 -115.40   33.80   5.    1.11    2.25   -3.36   -0.08   -0.07    1.43 20 -115.40   33.80
 -115.40   33.85   5.    1.28    2.54   -3.81   -0.07   -0.08    1.75 20 -115.40   33.85
 -115.40   33.90   5.    1.46    2.84   -4.30   -0.06   -0.09    2.13 20 -115.40   33.90
 -115.40   33.95   5.    1.66    3.16   -4.82   -0.05   -0.10    2.57 20 -115.40   33.95
 -115.40   34.00   5.    1.87    3.54   -5.40   -0.03   -0.13    3.08 20 -115.40   34.00
 -115.35   32.50   5.   -0.28   -2.56    2.85   -0.10   -0.11    0.51 20 -115.35   32.50
 -115.35   32.55   5.   -1.51   -3.51    5.02   -0.07   -0.24    1.57 20 -115.35   32.55
 -115.35   32.60   5.   -1.39   -2.28    3.66   -0.16   -0.20    2.10 20 -115.35   32.60
 -115.35   32.65   5.   -1.10   -1.12    2.22   -0.32   -0.17    2.45 20 -115.35   32.65
 -115.35   32.70   5.   -3.05    2.66    0.39    0.31    0.37    2.08 20 -115.35   32.70
 -115.35   32.75   5.   -3.53    2.76    0.77    0.46    0.21    3.43 20 -115.35   32.75
 -115.35   32.80   5.   -3.73    3.03    0.69    0.44    0.21    4.20 20 -115.35   32.80
 -115.35   32.85   5.   -3.88    3.30    0.59    0.41    0.34    4.75 20 -115.35   32.85
 -115.35   32.90   5.   -4.00    2.68    1.32    0.42    0.44    4.93 20 -115.35   32.90
 -115.35   32.95   5.   -4.17    1.75    2.42    0.41    0.51    5.08 20 -115.35   32.95
 -115.35   33.00   5.   -4.13    0.80    3.33    0.28    0.52    4.90 20 -115.35   33.00
 -115.35   33.05   5.   -4.18   -0.04    4.22    0.12    0.50    4.64 20 -115.35   33.05
 -115.35   33.10   5.   -4.39   -0.48    4.87   -0.00    0.44    4.55 20 -115.35   33.10
 -115.35   33.15   5.   -4.53   -0.75    5.28   -0.07    0.35    4.41 20 -115.35   33.15
 -115.35   33.20   5.   -4.14   -1.01    5.14   -0.14    0.23    3.96 20 -115.35   33.20
 -115.35   33.25   5.   -3.44   -1.24    4.69   -0.17    0.10    3.15 20 -115.35   33.25
 -115.35   33.30   5.   -2.63   -1.42    4.05   -0.15    0.01    2.18 20 -115.35   33.30
 -115.35   33.35   5.   -1.99   -1.32    3.31   -0.13   -0.01    1.45 20 -115.35   33.35
 -115.35   33.40   5.   -1.54   -1.15    2.69   -0.12    0.00    0.92 20 -115.35   33.40
 -115.35   33.45   5.   -1.17   -0.81    1.99   -0.13    0.03    0.67 20 -115.35   33.45
 -115.35   33.50   5.   -0.99   -0.48    1.47   -0.20    0.04    0.47 20 -115.35   33.50
 -115.35   33.55   5.   -0.63    0.60    0.02   -0.35    0.02    0.98 20 -115.35   33.55
 -115.35   33.60   5.    0.20    1.06   -1.25   -0.18   -0.02    0.69 20 -115.35   33.60
 -115.35   33.65   5.    0.46    1.27   -1.73   -0.13   -0.03    0.68 20 -115.35   33.65
 -115.35   33.70   5.    0.64    1.48   -2.12   -0.10   -0.04    0.88 20 -115.35   33.70
 -115.35   33.75   5.    0.81    1.74   -2.55   -0.09   -0.05    1.08 20 -115.35   33.75
 -115.35   33.80   5.    0.97    1.97   -2.94   -0.08   -0.06    1.35 20 -115.35   33.80
 -115.35   33.85   5.    1.13    2.27   -3.40   -0.07   -0.07    1.63 20 -115.35   33.85
 -115.35   33.90   5.    1.30    2.54   -3.84   -0.06   -0.08    2.00 20 -115.35   33.90
 -115.35   33.95   5.    1.48    2.86   -4.34   -0.05   -0.10    2.37 20 -115.35   33.95
 -115.35   34.00   5.    1.68    3.20   -4.88   -0.03   -0.12    2.86 20 -115.35   34.00
 -115.30   32.50   5.    0.18   -2.02    1.84    0.00   -0.07   -0.50 20 -115.30   32.50
 -115.30   32.55   5.   -0.98   -2.43    3.41    0.04   -0.18    0.56 20 -115.30   32.55
 -115.30   32.60   5.   -2.05   -2.44    4.49   -0.03   -0.28    1.91 20 -115.30   32.60
 -115.30   32.65   5.   -2.98    1.25    1.73    0.22    0.51    1.86 20 -115.30   32.65
 -115.30   32.70   5.   -3.15    2.21    0.94    0.17    0.44    2.61 20 -115.30   32.70
 -115.30   32.75   5.   -3.53    2.31    1.22    0.20    0.30    3.93 20 -115.30   32.75
 -115.30   32.80   5.   -3.56    2.35    1.21    0.11    0.23    4.83 20 -115.30   32.80
 -115.30   32.85   5.   -3.26    2.16    1.10    0.17    0.23    4.84 20 -115.30   32.85
 -115.30   32.90   5.   -3.12    1.78    1.34    0.17    0.24    5.10 20 -115.30   32.90
 -115.30   32.95   5.   -3.22    0.93    2.29    0.13    0.29    5.35 20 -115.30   32.95
 -115.30   33.00   5.   -3.27    0.13    3.14    0.05    0.31    5.54 20 -115.30   33.00
 -115.30   33.05   5.   -3.39   -0.43    3.83    0.03    0.30    5.08 20 -115.30   33.05
 -115.30   33.10   5.   -3.54   -0.91    4.44   -0.00    0.24    4.89 20 -115.30   33.10
 -115.30   33.15   5.   -3.59   -1.25    4.85   -0.06    0.18    4.72 20 -115.30   33.15
 -115.30   33.20   5.   -3.45   -1.66    5.10   -0.11    0.11    4.39 20 -115.30   33.20
 -115.30   33.25   5.   -2.86   -1.78    4.64   -0.12    0.04    3.39 20 -115.30   33.25
 -115.30   33.30   5.   -2.39   -1.80    4.19   -0.12    0.03    2.52 20 -115.30   33.30
 -115.30   33.35   5.   -1.81   -1.60    3.41   -0.11    0.03    1.79 20 -115.30   33.35
 -115.30   33.40   5.   -1.39   -1.45    2.84   -0.10    0.05    1.20 20 -115.30   33.40
 -115.30   33.45   5.   -1.04   -1.14    2.19   -0.11    0.06    0.91 20 -115.30   33.45
 -115.30   33.50   5.   -0.82   -0.81    1.63   -0.14    0.04    0.82 20 -115.30   33.50
 -115.30   33.55   5.   -0.58   -0.36    0.94   -0.21    0.03    1.00 20 -115.30   33.55
 -115.30   33.60   5.    0.05    0.54   -0.59   -0.19   -0.01    1.12 20 -115.30   33.60
 -115.30   33.65   5.    0.39    0.99   -1.38   -0.13   -0.03    0.88 20 -115.30   33.65
 -115.30   33.70   5.    0.56    1.22   -1.78   -0.10   -0.04    0.98 20 -115.30   33.70
 -115.30   33.75   5.    0.71    1.47   -2.19   -0.09   -0.05    1.10 20 -115.30   33.75
 -115.30   33.80   5.    0.86    1.72   -2.58   -0.07   -0.05    1.33 20 -115.30   33.80
 -115.30   33.85   5.    1.02    2.00   -3.02   -0.06   -0.06    1.58 20 -115.30   33.85
 -115.30   33.90   5.    1.17    2.26   -3.43   -0.05   -0.08    1.90 20 -115.30   33.90
 -115.30   33.95   5.    1.34    2.57   -3.91   -0.04   -0.09    2.24 20 -115.30   33.95
 -115.30   34.00   5.    1.53    2.87   -4.40   -0.03   -0.11    2.70 20 -115.30   34.00
 -115.25   32.50   5.    0.88   -1.53    0.64    0.19   -0.00   -1.84 20 -115.25   32.50
 -115.25   32.55   5.   -0.70   -1.45    2.15    0.29   -0.05    0.39 20 -115.25   32.55
 -115.25   32.60   5.   -2.95   -0.37    3.33    0.40    0.53    2.58 20 -115.25   32.60
 -115.25   32.65   5.   -3.15    0.52    2.63    0.29    0.53    2.93 20 -115.25   32.65
 -115.25   32.70   5.   -3.43    1.66    1.77    0.16    0.48    3.40 20 -115.25   32.70
 -115.25   32.75   5.   -3.34    1.56    1.77    0.09    0.30    4.28 20 -115.25   32.75
 -115.25   32.80   5.   -2.97    1.30    1.67   -0.00    0.10    4.68 20 -115.25   32.80
 -115.25   32.85   5.   -2.75    1.13    1.62    0.00    0.08    4.97 20 -115.25   32.85
 -115.25   32.90   5.   -2.54    0.91    1.63   -0.06    0.08    5.55 20 -115.25   32.90
 -115.25   32.95   5.   -2.64    0.32    2.33   -0.00    0.15    5.70 20 -115.25   32.95
 -115.25   33.00   5.   -2.69   -0.21    2.90    0.04    0.19    5.88 20 -115.25   33.00
 -115.25   33.05   5.   -2.82   -0.77    3.59    0.02    0.15    5.61 20 -115.25   33.05
 -115.25   33.10   5.   -2.99   -1.35    4.34   -0.01    0.06    5.64 20 -115.25   33.10
 -115.25   33.15   5.   -3.04   -1.73    4.77   -0.06    0.03    5.37 20 -115.25   33.15
 -115.25   33.20   5.   -3.06   -2.04    5.10   -0.09    0.07    4.89 20 -115.25   33.20
 -115.25   33.25   5.   -2.56   -2.06    4.63   -0.09    0.06    3.83 20 -115.25   33.25
 -115.25   33.30   5.   -2.11   -2.09    4.21   -0.09    0.06    2.92 20 -115.25   33.30
 -115.25   33.35   5.   -1.61   -1.93    3.54   -0.08    0.07    2.16 20 -115.25   33.35
 -115.25   33.40   5.   -1.25   -1.64    2.89   -0.08    0.07    1.57 20 -115.25   33.40
 -115.25   33.45   5.   -0.97   -1.37    2.34   -0.08    0.06    1.19 20 -115.25   33.45
 -115.25   33.50   5.   -0.70   -1.03    1.73   -0.10    0.04    1.07 20 -115.25   33.50
 -115.25   33.55   5.   -0.46   -0.72    1.18   -0.13    0.03    1.07 20 -115.25   33.55
 -115.25   33.60   5.   -0.08   -0.07    0.15   -0.15    0.00    1.31 20 -115.25   33.60
 -115.25   33.65   5.    0.29    0.58   -0.87   -0.13   -0.02    1.21 20 -115.25   33.65
 -115.25   33.70   5.    0.49    0.93   -1.42   -0.10   -0.03    1.14 20 -115.25   33.70
 -115.25   33.75   5.    0.64    1.21   -1.85   -0.08   -0.04    1.22 20 -115.25   33.75
 -115.25   33.80   5.    0.78    1.47   -2.25   -0.07   -0.05    1.37 20 -115.25   33.80
 -115.25   33.85   5.    0.92    1.73   -2.65   -0.06   -0.06    1.58 20 -115.25   33.85
 -115.25   33.90   5.    1.06    2.00   -3.06   -0.05   -0.07    1.86 20 -115.25   33.90
 -115.25   33.95   5.    1.23    2.28   -3.50   -0.04   -0.09    2.17 20 -115.25   33.95
 -115.25   34.00   5.    1.40    2.57   -3.96   -0.02   -0.11    2.56 20 -115.25   34.00
 -115.20   32.50   5.    0.67    1.81   -2.48    0.55   -0.11    4.44 20 -115.20   32.50
 -115.20   32.55   5.   -1.20    1.35   -0.15    0.67    0.14    6.54 20 -115.20   32.55
 -115.20   32.60   5.   -2.43   -0.08    2.52    0.48    0.44    4.33 20 -115.20   32.60
 -115.20   32.65   5.   -3.24   -0.17    3.40    0.39    0.55    4.27 20 -115.20   32.65
 -115.20   32.70   5.   -3.10    0.63    2.47    0.19    0.38    4.31 20 -115.20   32.70
 -115.20   32.75   5.   -2.93    0.54    2.39    0.07    0.21    4.61 20 -115.20   32.75
 -115.20   32.80   5.   -2.59    0.34    2.25   -0.04    0.02    4.83 20 -115.20   32.80
 -115.20   32.85   5.   -2.35    0.27    2.08   -0.07   -0.02    5.09 20 -115.20   32.85
 -115.20   32.90   5.   -2.24    0.23    2.01   -0.03    0.03    5.53 20 -115.20   32.90
 -115.20   32.95   5.   -2.21   -0.14    2.35    0.01    0.07    5.73 20 -115.20   32.95
 -115.20   33.00   5.   -2.16   -0.62    2.78    0.02    0.08    5.96 20 -115.20   33.00
 -115.20   33.05   5.   -2.26   -1.11    3.36    0.00    0.03    6.01 20 -115.20   33.05
 -115.20   33.10   5.   -2.57   -1.53    4.10   -0.01    0.01    5.99 20 -115.20   33.10
 -115.20   33.15   5.   -2.66   -1.88    4.55   -0.04    0.03    5.65 20 -115.20   33.15
 -115.20   33.20   5.   -2.60   -2.21    4.81   -0.07    0.05    5.11 20 -115.20   33.20
 -115.20   33.25   5.   -2.26   -2.36    4.62   -0.07    0.06    4.26 20 -115.20   33.25
 -115.20   33.30   5.   -1.84   -2.31    4.15   -0.07    0.07    3.31 20 -115.20   33.30
 -115.20   33.35   5.   -1.51   -2.12    3.64   -0.06    0.08    2.55 20 -115.20   33.35
 -115.20   33.40   5.   -1.16   -1.78    2.94   -0.06    0.07    1.94 20 -115.20   33.40
 -115.20   33.45   5.   -0.89   -1.54    2.43   -0.07    0.06    1.50 20 -115.20   33.45
 -115.20   33.50   5.   -0.63   -1.22    1.85   -0.07    0.04    1.31 20 -115.20   33.50
 -115.20   33.55   5.   -0.40   -0.88    1.28   -0.09    0.03    1.26 20 -115.20   33.55
 -115.20   33.60   5.   -0.13   -0.46    0.59   -0.11    0.01    1.36 20 -115.20   33.60
 -115.20   33.65   5.    0.19    0.13   -0.32   -0.11   -0.01    1.43 20 -115.20   33.65
 -115.20   33.70   5.    0.42    0.62   -1.04   -0.10   -0.02    1.34 20 -115.20   33.70
 -115.20   33.75   5.    0.57    0.95   -1.52   -0.08   -0.03    1.37 20 -115.20   33.75
 -115.20   33.80   5.    0.71    1.23   -1.93   -0.07   -0.04    1.44 20 -115.20   33.80
 -115.20   33.85   5.    0.84    1.49   -2.32   -0.05   -0.05    1.63 20 -115.20   33.85
 -115.20   33.90   5.    0.98    1.75   -2.73   -0.04   -0.07    1.86 20 -115.20   33.90
 -115.20   33.95   5.    1.12    2.01   -3.13   -0.03   -0.08    2.13 20 -115.20   33.95
 -115.20   34.00   5.    1.29    2.28   -3.56   -0.02   -0.09    2.48 20 -115.20   34.00
 -115.15   32.50   5.    1.26    2.36   -3.62    0.52   -0.15    4.30 20 -115.15   32.50
 -115.15   32.55   5.   -0.53    2.34   -1.81    0.82    0.07    9.22 20 -115.15   32.55
 -115.15   32.60   5.   -1.97    0.39    1.59    0.56    0.36    6.40 20 -115.15   32.60
 -115.15   32.65   5.   -2.82   -0.51    3.34    0.40    0.44    5.99 20 -115.15   32.65
 -115.15   32.70   5.   -2.78   -0.18    2.96    0.21    0.27    5.82 20 -115.15   32.70
 -115.15   32.75   5.   -2.77   -0.57    3.33    0.08    0.13    5.61 20 -115.15   32.75
 -115.15   32.80   5.   -2.38   -0.30    2.68   -0.00    0.01    5.43 20 -115.15   32.80
 -115.15   32.85   5.   -2.15   -0.27    2.42   -0.01   -0.02    5.36 20 -115.15   32.85
 -115.15   32.90   5.   -2.00   -0.38    2.37    0.03    0.00    5.62 20 -115.15   32.90
 -115.15   32.95   5.   -1.84   -0.65    2.50    0.05    0.00    5.74 20 -115.15   32.95
 -115.15   33.00   5.   -1.91   -0.91    2.82    0.03    0.05    6.02 20 -115.15   33.00
 -115.15   33.05   5.   -2.05   -1.20    3.25    0.02    0.06    6.10 20 -115.15   33.05
 -115.15   33.10   5.   -2.28   -1.62    3.90   -0.01    0.04    6.14 20 -115.15   33.10
 -115.15   33.15   5.   -2.35   -2.01    4.37   -0.03    0.04    5.98 20 -115.15   33.15
 -115.15   33.20   5.   -2.21   -2.34    4.55   -0.05    0.05    5.35 20 -115.15   33.20
 -115.15   33.25   5.   -2.03   -2.49    4.53   -0.06    0.06    4.60 20 -115.15   33.25
 -115.15   33.30   5.   -1.68   -2.34    4.01   -0.05    0.08    3.63 20 -115.15   33.30
 -115.15   33.35   5.   -1.39   -2.22    3.61   -0.04    0.08    2.91 20 -115.15   33.35
 -115.15   33.40   5.   -1.06   -1.92    2.98   -0.04    0.07    2.30 20 -115.15   33.40
 -115.15   33.45   5.   -0.81   -1.64    2.45   -0.05    0.06    1.85 20 -115.15   33.45
 -115.15   33.50   5.   -0.61   -1.37    1.97   -0.06    0.04    1.56 20 -115.15   33.50
 -115.15   33.55   5.   -0.38   -1.02    1.39   -0.07    0.02    1.47 20 -115.15   33.55
 -115.15   33.60   5.   -0.15   -0.68    0.83   -0.08    0.01    1.45 20 -115.15   33.60
 -115.15   33.65   5.    0.11   -0.19    0.08   -0.09   -0.01    1.55 20 -115.15   33.65
 -115.15   33.70   5.    0.35    0.30   -0.65   -0.09   -0.02    1.53 20 -115.15   33.70
 -115.15   33.75   5.    0.51    0.67   -1.18   -0.07   -0.03    1.53 20 -115.15   33.75
 -115.15   33.80   5.    0.64    0.99   -1.63   -0.06   -0.04    1.56 20 -115.15   33.80
 -115.15   33.85   5.    0.77    1.25   -2.02   -0.05   -0.05    1.71 20 -115.15   33.85
 -115.15   33.90   5.    0.90    1.52   -2.42   -0.04   -0.06    1.88 20 -115.15   33.90
 -115.15   33.95   5.    1.04    1.76   -2.80   -0.02   -0.07    2.14 20 -115.15   33.95
 -115.15   34.00   5.    1.19    2.01   -3.20   -0.01   -0.08    2.44 20 -115.15   34.00
 -115.10   32.50   5.    1.79    3.06   -4.85    0.54   -0.20    4.47 20 -115.10   32.50
 -115.10   32.55   5.    0.20    2.60   -2.80    0.67    0.01    8.47 20 -115.10   32.55
 -115.10   32.60   5.   -1.20    0.99    0.21    0.51    0.21    7.99 20 -115.10   32.60
 -115.10   32.65   5.   -2.22   -0.39    2.61    0.40    0.28    8.52 20 -115.10   32.65
 -115.10   32.70   5.   -2.39   -0.56    2.94    0.22    0.17    7.58 20 -115.10   32.70
 -115.10   32.75   5.   -2.51   -0.85    3.35    0.11    0.12    6.65 20 -115.10   32.75
 -115.10   32.80   5.   -2.17   -0.71    2.89    0.06    0.03    6.28 20 -115.10   32.80
 -115.10   32.85   5.   -1.97   -0.80    2.78    0.06   -0.02    5.79 20 -115.10   32.85
 -115.10   32.90   5.   -1.84   -0.82    2.67    0.07    0.01    5.93 20 -115.10   32.90
 -115.10   32.95   5.   -1.79   -0.87    2.66    0.07    0.04    5.96 20 -115.10   32.95
 -115.10   33.00   5.   -1.84   -1.09    2.94    0.05    0.07    6.13 20 -115.10   33.00
 -115.10   33.05   5.   -1.90   -1.30    3.20    0.04    0.09    6.16 20 -115.10   33.05
 -115.10   33.10   5.   -2.05   -1.71    3.75    0.01    0.07    6.23 20 -115.10   33.10
 -115.10   33.15   5.   -2.12   -2.07    4.19   -0.02    0.05    6.15 20 -115.10   33.15
 -115.10   33.20   5.   -1.97   -2.30    4.27   -0.03    0.06    5.41 20 -115.10   33.20
 -115.10   33.25   5.   -1.81   -2.47    4.29   -0.04    0.07    4.75 20 -115.10   33.25
 -115.10   33.30   5.   -1.51   -2.37    3.87   -0.03    0.08    3.89 20 -115.10   33.30
 -115.10   33.35   5.   -1.23   -2.24    3.47   -0.03    0.09    3.19 20 -115.10   33.35
 -115.10   33.40   5.   -1.01   -2.03    3.04   -0.03    0.07    2.64 20 -115.10   33.40
 -115.10   33.45   5.   -0.77   -1.71    2.49   -0.04    0.05    2.17 20 -115.10   33.45
 -115.10   33.50   5.   -0.57   -1.46    2.04   -0.04    0.04    1.84 20 -115.10   33.50
 -115.10   33.55   5.   -0.36   -1.15    1.51   -0.05    0.02    1.68 20 -115.10   33.55
 -115.10   33.60   5.   -0.16   -0.81    0.97   -0.06    0.01    1.62 20 -115.10   33.60
 -115.10   33.65   5.    0.06   -0.42    0.36   -0.07    0.00    1.65 20 -115.10   33.65
 -115.10   33.70   5.    0.28    0.02   -0.29   -0.07   -0.01    1.69 20 -115.10   33.70
 -115.10   33.75   5.    0.44    0.42   -0.86   -0.06   -0.01    1.68 20 -115.10   33.75
 -115.10   33.80   5.    0.58    0.75   -1.33   -0.05   -0.03    1.71 20 -115.10   33.80
 -115.10   33.85   5.    0.71    1.02   -1.73   -0.04   -0.04    1.81 20 -115.10   33.85
 -115.10   33.90   5.    0.84    1.29   -2.13   -0.03   -0.05    1.95 20 -115.10   33.90
 -115.10   33.95   5.    0.97    1.53   -2.50   -0.02   -0.06    2.18 20 -115.10   33.95
 -115.10   34.00   5.    1.11    1.76   -2.88   -0.01   -0.07    2.42 20 -115.10   34.00
 -115.05   32.50   5.    1.67    2.96   -4.63    0.45   -0.16    4.45 20 -115.05   32.50
 -115.05   32.55   5.    0.50    2.47   -2.97    0.49   -0.01    7.52 20 -115.05   32.55
 -115.05   32.60   5.   -0.46    1.53   -1.07    0.42    0.08    9.01 20 -115.05   32.60
 -115.05   32.65   5.   -1.50    0.18    1.32    0.34    0.14    9.28 20 -115.05   32.65
 -115.05   32.70   5.   -1.89   -0.40    2.29    0.22    0.11    8.56 20 -115.05   32.70
 -115.05   32.75   5.   -2.05   -0.92    2.97    0.13    0.08    7.91 20 -115.05   32.75
 -115.05   32.80   5.   -1.92   -1.02    2.93    0.10    0.03    7.25 20 -115.05   32.80
 -115.05   32.85   5.   -1.85   -1.01    2.86    0.09    0.02    6.50 20 -115.05   32.85
 -115.05   32.90   5.   -1.77   -1.04    2.81    0.08    0.05    6.43 20 -115.05   32.90
 -115.05   32.95   5.   -1.75   -1.13    2.88    0.08    0.08    6.30 20 -115.05   32.95
 -115.05   33.00   5.   -1.78   -1.31    3.09    0.07    0.10    6.32 20 -115.05   33.00
 -115.05   33.05   5.   -1.79   -1.44    3.23    0.05    0.09    6.29 20 -115.05   33.05
 -115.05   33.10   5.   -1.87   -1.78    3.64    0.02    0.08    6.25 20 -115.05   33.10
 -115.05   33.15   5.   -1.89   -2.09    3.99   -0.00    0.06    6.09 20 -115.05   33.15
 -115.05   33.20   5.   -1.76   -2.29    4.05   -0.01    0.07    5.46 20 -115.05   33.20
 -115.05   33.25   5.   -1.57   -2.42    4.00   -0.02    0.08    4.81 20 -115.05   33.25
 -115.05   33.30   5.   -1.37   -2.38    3.75   -0.02    0.09    4.12 20 -115.05   33.30
 -115.05   33.35   5.   -1.15   -2.22    3.37   -0.02    0.08    3.46 20 -115.05   33.35
 -115.05   33.40   5.   -0.96   -2.09    3.05   -0.03    0.06    2.94 20 -115.05   33.40
 -115.05   33.45   5.   -0.73   -1.79    2.53   -0.03    0.05    2.47 20 -115.05   33.45
 -115.05   33.50   5.   -0.53   -1.52    2.05   -0.03    0.03    2.13 20 -115.05   33.50
 -115.05   33.55   5.   -0.36   -1.27    1.64   -0.03    0.03    1.89 20 -115.05   33.55
 -115.05   33.60   5.   -0.17   -0.93    1.10   -0.04    0.02    1.81 20 -115.05   33.60
 -115.05   33.65   5.    0.02   -0.60    0.57   -0.06    0.01    1.77 20 -115.05   33.65
 -115.05   33.70   5.    0.21   -0.20   -0.01   -0.05    0.01    1.82 20 -115.05   33.70
 -115.05   33.75   5.    0.37    0.18   -0.55   -0.05   -0.00    1.82 20 -115.05   33.75
 -115.05   33.80   5.    0.51    0.52   -1.03   -0.04   -0.01    1.86 20 -115.05   33.80
 -115.05   33.85   5.    0.65    0.81   -1.46   -0.03   -0.03    1.92 20 -115.05   33.85
 -115.05   33.90   5.    0.77    1.07   -1.85   -0.02   -0.04    2.05 20 -115.05   33.90
 -115.05   33.95   5.    0.90    1.31   -2.21   -0.01   -0.05    2.23 20 -115.05   33.95
 -115.05   34.00   5.    1.05    1.53   -2.58   -0.00   -0.06    2.46 20 -115.05   34.00
 -115.00   32.50   5.    1.14    2.48   -3.62    0.34   -0.05    4.56 20 -115.00   32.50
 -115.00   32.55   5.    0.49    2.22   -2.71    0.35    0.00    6.91 20 -115.00   32.55
 -115.00   32.60   5.   -0.20    1.70   -1.50    0.33    0.03    8.65 20 -115.00   32.60
 -115.00   32.65   5.   -0.97    0.61    0.36    0.26    0.05    9.22 20 -115.00   32.65
 -115.00   32.70   5.   -1.37   -0.14    1.51    0.19    0.04    9.38 20 -115.00   32.70
 -115.00   32.75   5.   -1.65   -0.75    2.40    0.14    0.06    8.56 20 -115.00   32.75
 -115.00   32.80   5.   -1.72   -0.98    2.70    0.12    0.06    7.84 20 -115.00   32.80
 -115.00   32.85   5.   -1.70   -1.10    2.80    0.10    0.06    7.24 20 -115.00   32.85
 -115.00   32.90   5.   -1.68   -1.24    2.93    0.10    0.09    7.02 20 -115.00   32.90
 -115.00   32.95   5.   -1.67   -1.32    3.00    0.09    0.10    6.72 20 -115.00   32.95
 -115.00   33.00   5.   -1.68   -1.44    3.12    0.06    0.10    6.60 20 -115.00   33.00
 -115.00   33.05   5.   -1.70   -1.60    3.30    0.04    0.09    6.52 20 -115.00   33.05
 -115.00   33.10   5.   -1.72   -1.87    3.59    0.02    0.08    6.35 20 -115.00   33.10
 -115.00   33.15   5.   -1.69   -2.14    3.83    0.01    0.07    6.06 20 -115.00   33.15
 -115.00   33.20   5.   -1.59   -2.30    3.89    0.00    0.07    5.55 20 -115.00   33.20
 -115.00   33.25   5.   -1.44   -2.37    3.81   -0.01    0.08    4.93 20 -115.00   33.25
 -115.00   33.30   5.   -1.28   -2.38    3.67   -0.02    0.08    4.34 20 -115.00   33.30
 -115.00   33.35   5.   -1.07   -2.22    3.28   -0.02    0.07    3.69 20 -115.00   33.35
 -115.00   33.40   5.   -0.88   -2.07    2.95   -0.02    0.05    3.18 20 -115.00   33.40
 -115.00   33.45   5.   -0.71   -1.88    2.58   -0.02    0.04    2.77 20 -115.00   33.45
 -115.00   33.50   5.   -0.53   -1.58    2.11   -0.03    0.04    2.41 20 -115.00   33.50
 -115.00   33.55   5.   -0.36   -1.33    1.68   -0.02    0.04    2.15 20 -115.00   33.55
 -115.00   33.60   5.   -0.19   -1.04    1.23   -0.03    0.03    2.00 20 -115.00   33.60
 -115.00   33.65   5.   -0.02   -0.72    0.74   -0.03    0.03    1.94 20 -115.00   33.65
 -115.00   33.70   5.    0.15   -0.38    0.24   -0.04    0.02    1.95 20 -115.00   33.70
 -115.00   33.75   5.    0.31   -0.02   -0.28   -0.04    0.01    1.96 20 -115.00   33.75
 -115.00   33.80   5.    0.45    0.32   -0.77   -0.03   -0.01    2.00 20 -115.00   33.80
 -115.00   33.85   5.    0.59    0.61   -1.19   -0.02   -0.02    2.04 20 -115.00   33.85
 -115.00   33.90   5.    0.71    0.87   -1.58   -0.01   -0.03    2.16 20 -115.00   33.90
 -115.00   33.95   5.    0.85    1.11   -1.96   -0.00   -0.04    2.30 20 -115.00   33.95
 -115.00   34.00   5.    0.99    1.32   -2.30    0.01   -0.05    2.52 20 -115.00   34.00
