     1    0.0000E+00    0.0000E+00   -3.2205E-09
     2    1.8681E-10   -4.4033E-12   -2.1217E-09
     3    1.2222E-11   -3.9615E-11   -4.2583E-09
     4    2.2325E-10   -7.1649E-11   -3.2773E-09
     5    3.5179E-10   -1.0668E-12   -2.0251E-09
     6    1.0832E-11   -4.7173E-11   -4.1938E-09
     7    4.2475E-10   -1.3437E-10   -3.1609E-09
     8    2.2189E-10   -8.5365E-11   -3.4508E-09
     9    4.4834E-10   -1.8393E-10   -3.4121E-09
    10    4.9134E-10   -2.7967E-12   -1.9394E-09
    11   -9.6593E-12   -1.6691E-11   -4.0799E-09
    12    5.9083E-10   -1.9066E-10   -3.0081E-09
    13    1.6039E-10   -4.3065E-11   -3.4842E-09
    14    6.2919E-10   -2.3246E-10   -3.2374E-09
    15    3.1944E-10   -1.2453E-10   -3.5059E-09
    16    5.8611E-10   -1.0472E-11   -1.7481E-09
    17    7.3884E-10   -2.7991E-10   -2.7610E-09
    18   -1.8258E-11    2.4716E-11   -3.8168E-09
    19    8.9555E-11    2.9652E-11   -3.2960E-09
    20    4.8482E-10   -1.6445E-10   -3.6044E-09
    21    8.2489E-10   -3.5731E-10   -3.0133E-09
    22    1.9892E-10    3.3978E-11   -3.2748E-09
    23    6.0158E-10   -2.5910E-11   -1.4881E-09
    24    8.0776E-10   -3.6623E-10   -2.3517E-09
    25    7.5662E-10   -3.1959E-10   -3.2709E-09
    26   -1.7181E-11    5.5198E-11   -3.3375E-09
    27    3.4501E-11    1.0960E-10   -3.0051E-09
    28    9.8274E-10   -5.1129E-10   -2.7180E-09
    29    4.0896E-10   -8.8085E-11   -3.4765E-09
    30    1.1452E-10    1.7127E-10   -3.0718E-09
    31    7.3033E-10   -2.8043E-10   -3.4207E-09
    32    8.6259E-10   -4.7532E-10   -2.8711E-09
    33    4.5530E-10   -9.3532E-12   -1.2458E-09
    34    7.3957E-10   -4.1720E-10   -1.8698E-09
    35    2.7598E-10    1.5301E-10   -3.3399E-09
    36    5.5656E-10   -8.2555E-11   -3.1637E-09
    37   -6.5917E-12    1.1871E-10   -2.5502E-09
    38    2.0114E-10    1.1127E-10   -3.2218E-09
    39    1.0755E-09   -6.6786E-10   -2.4049E-09
    40   -4.5155E-12    1.7233E-10   -2.3609E-09
    41    7.3545E-10   -3.8650E-10   -3.4430E-09
    42    5.5027E-11    3.3852E-10   -2.5157E-09
    43    1.1590E-09   -8.7471E-10   -3.0503E-09
    44    2.5588E-10    2.3299E-10   -3.1069E-09
    45    1.5922E-10   -8.3097E-12   -9.4686E-10
    46    3.7673E-11    4.3655E-10   -2.6071E-09
    47    5.2152E-10   -4.5098E-10   -1.3547E-09
    48    9.3520E-10   -5.0273E-10   -3.4363E-09
    49    9.0251E-10   -6.5675E-10   -1.8957E-09
    50    1.6006E-12    3.7050E-11   -1.1701E-09
    51    4.9080E-10    1.8241E-10   -3.4941E-09
    52    6.6733E-11    2.4171E-10   -1.4123E-09
    53    2.1110E-10    6.7966E-10   -2.8647E-09
    54   -1.0197E-10    4.3947E-10   -1.3537E-09
    55    1.0346E-09   -7.9955E-10   -2.4146E-09
    56    2.5184E-10    7.2900E-10   -1.6723E-09
    57    6.5259E-10    3.7157E-11   -3.8947E-09
    58   -3.4326E-10    3.4255E-12   -6.3321E-10
    59    1.1825E-10    7.5367E-10   -3.0348E-09
    60    1.0568E-10   -4.4216E-10   -8.0097E-10
    61    1.0642E-09   -6.2798E-10   -2.4168E-09
    62    5.3576E-10   -6.2395E-10   -1.3133E-09
    63   -3.8262E-10    8.8598E-10   -1.5476E-09
    64    0.0000E+00    2.3344E-10   -1.9301E-07
    65    1.7500E-09    4.0663E-10   -1.3235E-07
    66    3.3510E-12   -2.0938E-10   -2.0349E-07
    67    6.5199E-10   -1.1863E-09   -1.2935E-07
    68    4.1619E-10   -5.2716E-10   -1.3448E-07
    69    4.9961E-10   -6.2407E-10   -1.8355E-09
    70    7.1460E-10    9.4687E-10   -3.9454E-09
    71   -1.6766E-09   -3.7480E-09   -1.3123E-07
    72    1.1663E-09   -4.1661E-10   -3.5186E-09
    73   -1.7922E-09   -2.5396E-09   -1.3534E-07
    74    7.8807E-10    1.4735E-09   -2.3233E-09
    75   -1.7260E-09   -5.6579E-09   -1.3448E-07
    76   -1.0308E-09    2.7075E-12   -3.1634E-10
    77   -4.9303E-10   -4.1427E-10   -2.7661E-10
    78    5.7195E-10   -4.2449E-10   -1.1469E-09
    79   -3.7860E-09   -3.0837E-09   -1.3588E-07
    80   -4.6024E-11   -5.1057E-10   -9.2434E-10
    81   -5.2560E-09   -8.0892E-09   -1.3686E-07
    82    6.4596E-10    3.6328E-10   -3.7560E-09
    83   -1.0127E-09    1.5366E-09   -1.8893E-09
    84    5.8420E-13   -4.8188E-10   -2.4092E-09
    85    2.6872E-10   -6.4770E-10   -2.7385E-09
    86    1.4648E-09   -5.4954E-10   -1.7410E-09
    87   -6.4875E-10   -2.2554E-10   -1.7616E-09
    88   -1.7806E-09   -3.6164E-09   -1.3603E-07
    89    3.8693E-10   -1.2703E-09   -2.6390E-09
    90   -5.5148E-09   -1.0872E-08   -1.4045E-07
    91    9.6512E-10   -1.9638E-09   -2.3994E-09
    92   -1.8976E-09    3.0816E-13   -2.7926E-11
    93   -1.2776E-09   -3.7569E-10    2.6620E-10
    94    2.6008E-09    2.9615E-09   -3.8920E-09
    95    2.4464E-09   -3.8060E-10   -3.1515E-09
    96   -8.1119E-10   -3.6194E-10   -2.9968E-10
    97   -4.7939E-09   -2.8051E-09   -1.3549E-07
    98    6.4357E-10   -2.8576E-09   -2.6534E-09
    99   -7.8172E-10    1.1079E-11   -7.8540E-10
   100   -8.9644E-09   -1.1808E-08   -1.3858E-07
   101   -1.5021E-10   -8.9853E-11   -4.7769E-09
   102    1.1395E-10   -9.9748E-11   -5.2716E-10
   103   -1.4375E-09   -3.8125E-11   -7.5291E-10
   104    2.0595E-09   -3.4627E-09   -2.2181E-09
   105    5.1139E-10   -1.2586E-09   -4.6634E-09
   106   -2.5391E-09    1.5151E-09   -2.6311E-09
   107    1.3754E-10   -5.7288E-10   -5.1904E-09
   108    1.6547E-09   -3.3944E-09   -1.3141E-07
   109    6.7694E-10   -2.0533E-09   -4.6614E-09
   110   -4.1571E-09   -1.4896E-08   -1.4181E-07
   111   -2.9443E-09   -3.9036E-12    2.2860E-10
   112    2.3972E-09    2.3469E-10    2.2951E-09
   113   -2.2380E-09   -3.1983E-10    7.4791E-10
   114    6.5520E-10   -4.6296E-09   -2.8758E-09
   115   -3.7133E-09    2.0770E-09   -4.6319E-10
   116    1.1364E-09   -2.8162E-09   -4.4853E-09
   117   -2.0552E-09    3.6236E-10   -2.1107E-10
   118   -1.6650E-09   -2.4294E-10    3.2180E-10
   119   -3.0053E-11    1.6145E-10   -8.1087E-09
   120   -3.9400E-09    2.3194E-09    1.8725E-09
   121    5.6564E-10   -1.0833E-10   -7.3729E-09
   122   -6.1307E-09    1.8408E-09   -1.3658E-07
   123    1.2385E-09   -3.7513E-09   -4.7084E-09
   124    1.0788E-08   -7.5578E-10    4.5601E-10
   125   -1.1411E-08   -1.2185E-08   -1.3307E-07
   126   -2.3605E-09    2.1289E-10   -2.0295E-10
   127    4.5388E-09   -4.7895E-09   -1.7407E-09
   128   -4.5146E-09    1.8901E-09   -1.7478E-09
   129    3.4957E-10   -1.4025E-09   -6.8758E-09
   130   -3.8658E-09    3.3612E-09    5.0667E-09
   131    5.6949E-11   -9.0287E-10   -7.5420E-09
   132    6.4176E-10   -2.0779E-09   -6.5856E-09
   133   -4.1769E-09   -1.5155E-11    4.5281E-10
   134    2.2031E-09   -4.6203E-09   -4.5874E-09
   135   -3.4172E-09   -2.2415E-10    1.2124E-09
   136    9.1232E-10   -2.8699E-09   -6.5192E-09
   137   -3.4125E-09    7.6816E-10   -7.4396E-10
   138    1.3375E-08    7.9710E-10   -1.3021E-07
   139    4.1626E-10   -6.5680E-10   -8.3550E-09
   140   -2.7732E-09   -7.2549E-11    9.3214E-10
   141    7.8914E-09   -1.7782E-08   -1.3760E-07
   142   -6.6060E-09    3.1093E-09   -1.9209E-09
   143    2.5214E-10   -7.8482E-09   -3.2299E-09
   144   -4.7517E-09    3.7716E-09    1.0647E-08
   145    2.3811E-10   -3.6663E-10   -1.0230E-08
   146    1.3470E-09   -3.7281E-09   -6.6468E-09
   147    2.2109E-09   -6.2775E-09   -5.4816E-09
   148   -3.2677E-09    2.0980E-10    4.4353E-10
   149   -4.6922E-09    1.5346E-09   -2.4132E-09
   150   -1.2035E-08    4.8524E-09   -1.6177E-09
   151    1.7772E-09   -4.8445E-09   -7.3210E-09
   152    1.4793E-10   -1.2857E-09   -8.9424E-09
   153    3.9302E-10   -1.9635E-09   -8.5649E-09
   154   -4.3716E-09   -5.3305E-09   -8.3260E-08
   155   -5.6244E-09   -3.3610E-11    6.4179E-10
   156    3.8958E-11   -8.6087E-10   -9.4957E-09
   157   -4.2874E-09   -2.5800E-08   -1.7091E-07
   158    1.3505E-08   -1.2151E-08   -8.3430E-09
   159    6.6026E-10   -2.7109E-09   -8.4002E-09
   160   -4.8387E-09   -9.2568E-11    1.6228E-09
   161   -3.9969E-09    5.7783E-10   -3.9539E-10
   162    3.7589E-10   -7.7827E-10   -9.8194E-09
   163    4.8029E-09   -8.2752E-09   -6.8765E-09
   164   -5.6526E-09    1.9617E-09   -4.7380E-09
   165   -2.2001E-08    9.4078E-09   -2.8177E-09
   166   -4.1441E-09    1.5434E-10    1.6065E-09
   167    9.6990E-10   -3.5513E-09   -8.8340E-09
   168    2.5213E-09   -6.0623E-09   -8.2914E-09
   169    4.2540E-10   -6.0243E-10   -1.1772E-08
   170   -6.6225E-09    3.2807E-09   -1.1164E-08
   171   -4.0885E-09    6.7433E-10   -1.2833E-09
   172   -4.5509E-09    4.0162E-10    1.4306E-09
   173    1.3546E-09   -4.4815E-09   -9.6059E-09
   174    7.5938E-10   -9.2655E-09   -1.5507E-08
   175    4.6403E-09   -8.6536E-09   -1.2610E-08
   176   -2.2509E-08   -1.2209E-08   -1.2062E-07
   177    3.0821E-09   -7.0452E-09   -1.0928E-08
   178   -1.7827E-08   -2.4159E-08   -1.2369E-07
   179   -7.2837E-09   -4.0104E-11    7.2575E-10
   180   -3.9775E-11   -1.7300E-09   -1.0485E-08
   181    2.3040E-10   -2.4814E-09   -1.0369E-08
   182   -1.3433E-10   -1.1682E-09   -1.0699E-08
   183   -2.7793E-09    1.8539E-10   -3.9120E-09
   184   -6.5143E-09    1.5147E-10    1.9167E-09
   185   -5.0830E-09    5.7249E-10    1.2165E-09
   186   -7.2089E-09    6.3406E-10   -1.3546E-08
   187   -3.3214E-10   -5.8399E-10   -1.1715E-08
   188    1.7166E-09   -5.4024E-09   -1.1176E-08
   189    1.3984E-10   -6.8516E-10   -1.1124E-08
   190    4.6341E-10   -3.1869E-09   -1.0820E-08
   191    4.4296E-10   -6.9774E-10   -1.2945E-08
   192   -5.9036E-09    5.6653E-10    2.0708E-09
   193   -1.8677E-09   -6.9658E-09   -1.2891E-08
   194    2.1744E-09   -3.3077E-10   -4.1783E-09
   195    1.6730E-09   -7.2784E-09   -1.2964E-08
   196    7.2067E-10   -3.9357E-09   -1.1728E-08
   197   -1.7554E-08   -3.6829E-09   -1.7134E-10
   198   -4.9000E-09    5.6018E-10    1.2603E-09
   199    1.5292E-09   -6.0608E-09   -1.2949E-08
   200   -6.4254E-09    9.2801E-10    2.4086E-09
   201   -1.3433E-08   -7.3905E-09   -1.6612E-07
   202   -7.8845E-10   -1.7248E-08   -8.0645E-08
   203   -9.1979E-09   -4.4419E-11    6.2315E-10
   204    7.9569E-10   -4.6361E-09   -1.3301E-08
   205   -1.9553E-11   -2.3879E-09   -1.1955E-08
   206    1.6866E-08   -5.0772E-10   -1.1708E-08
   207   -2.5849E-09    1.2170E-10    2.7639E-09
   208   -9.2491E-11   -2.7064E-09   -1.2777E-08
   209   -8.3706E-10   -1.0437E-09   -1.2076E-08
   210   -7.2271E-09    1.1709E-09    3.2952E-09
   211   -8.4942E-09    5.1291E-10    1.9940E-09
   212   -8.9178E-10   -7.4472E-09   -1.2804E-08
   213   -6.9746E-09   -7.2501E-09   -5.9985E-09
   214    7.7225E-10   -6.5319E-09   -1.4271E-08
   215   -1.9208E-10   -1.3420E-09   -1.1894E-08
   216    2.0285E-10   -3.3028E-09   -1.2955E-08
   217   -2.0499E-09   -9.4523E-09    6.2727E-09
   218   -2.5634E-10   -3.3303E-10   -1.1279E-08
   219    1.0898E-10   -3.5217E-10   -1.3536E-08
   220   -8.0113E-09    1.1894E-09    2.4213E-09
   221    5.3001E-10   -5.1230E-09   -1.4869E-08
   222   -1.2656E-09   -4.0062E-10    3.4706E-09
   223   -7.6364E-09    1.3614E-09    4.8228E-09
   224   -4.5498E-10   -6.0506E-10   -1.2613E-08
   225    1.2813E-08    1.9991E-09   -1.2422E-07
   226    3.4223E-08   -1.6558E-08   -1.2933E-07
   227   -8.8706E-09    1.7815E-09    3.0708E-09
   228    2.2256E-10   -3.9609E-09   -1.4796E-08
   229    2.6608E-10   -3.3995E-09   -1.4881E-08
   230   -1.5210E-09   -8.7553E-09   -8.7622E-09
   231   -6.6048E-11   -7.3413E-09   -1.4136E-08
   232   -2.7752E-10   -2.3351E-09   -1.3792E-08
   233    4.7934E-10   -1.0783E-08    2.7899E-09
   234   -1.5791E-09   -1.3846E-09   -1.5945E-08
   235   -1.6358E-08    5.6556E-09    4.6900E-09
   236   -1.1182E-08   -1.9284E-11    2.4778E-10
   237    8.6573E-11   -5.6299E-09   -1.6118E-08
   238   -7.8959E-09    1.9391E-09    6.6124E-09
   239   -1.0552E-08    2.4484E-09    4.3810E-09
   240    2.1858E-08   -1.6904E-08    3.0689E-09
   241   -1.0604E-08    1.0252E-09    1.4546E-09
   242   -2.0062E-10   -4.1995E-09   -1.6224E-08
   243   -1.0264E-09   -1.4706E-09   -1.3437E-08
   244   -1.2779E-10   -5.5428E-11   -1.5170E-08
   245    3.1369E-10   -3.6549E-09   -1.5444E-08
   246   -7.4571E-10   -1.2854E-09   -1.3482E-08
   247   -6.2493E-09    3.7159E-09    1.1142E-08
   248   -1.0341E-08    2.0210E-09    2.0390E-09
   249   -1.2070E-11   -9.0087E-09   -1.3269E-08
   250   -3.3268E-10   -3.9432E-11   -1.3313E-08
   251    8.1981E-10   -1.1438E-08   -6.2301E-09
   252   -2.9214E-08    6.2569E-09   -1.1628E-07
   253   -2.2726E-10   -6.4701E-09   -1.7107E-08
   254    1.3037E-08   -1.1252E-08   -1.9293E-07
   255   -1.1771E-08    3.2764E-09    6.0957E-09
   256    6.0004E-09   -1.5050E-08   -2.4421E-09
   257    4.2238E-11   -6.5195E-10   -1.4617E-08
   258   -1.3674E-09   -2.6368E-10   -1.3610E-08
   259   -1.1826E-08    3.0318E-09    2.9941E-09
   260   -5.8610E-10   -4.5143E-09   -1.7977E-08
   261    1.9860E-09    5.6917E-09   -1.8340E-09
   262   -5.0726E-09   -1.8036E-08   -1.8580E-08
   263   -1.4286E-09   -1.6112E-09   -1.4945E-08
   264   -1.3070E-08    3.5500E-11   -4.6207E-10
   265   -5.3480E-10   -5.8810E-10   -1.2992E-08
   266   -1.3982E-08    4.1985E-09    7.3731E-09
   267   -8.3425E-10   -3.1727E-09   -1.7102E-08
   268    1.1440E-09   -1.1439E-08   -1.2718E-08
   269   -2.5142E-10   -7.7508E-09   -1.7562E-08
   270    3.0820E-09   -1.4035E-08   -6.7967E-09
   271   -1.4602E-08    4.3444E-09    3.5359E-09
   272   -1.2599E-08    1.5578E-09    3.8968E-10
   273    8.6752E-09   -1.6534E-09   -2.0295E-07
   274    4.4014E-08   -4.2743E-08   -1.9357E-07
   275    4.8852E-09   -1.5210E-08   -1.0046E-08
   276   -9.4231E-10   -4.9263E-09   -1.9576E-08
   277   -1.7738E-08    7.2886E-09    5.8033E-09
   278   -3.6411E-10    2.6426E-10   -1.6188E-08
   279   -1.2500E-08    2.8728E-09    8.7370E-10
   280   -7.7840E-10    4.3370E-10   -1.4441E-08
   281   -1.0203E-09   -4.7750E-10   -1.3618E-08
   282   -3.5951E-10   -2.9765E-10   -1.3646E-08
   283   -3.9265E-10   -6.7922E-10   -1.2113E-08
   284    1.1705E-08   -1.3650E-08   -1.2641E-08
   285   -1.1977E-09   -6.6343E-10   -1.5009E-08
   286   -1.2518E-09   -3.1615E-09   -1.8772E-08
   287   -1.9596E-08    6.3625E-09    1.8032E-10
   288    2.3893E-09   -1.3950E-08   -1.3302E-08
   289   -1.6524E-08    4.8543E-09    6.0484E-09
   290   -1.4488E-08    4.3216E-09    1.6104E-09
   291   -1.7138E-09   -3.0532E-10   -1.5979E-08
   292    4.4532E-10   -1.0017E-08   -1.8822E-08
   293    1.9654E-09   -1.4525E-08   -1.1156E-08
   294   -2.1261E-09   -1.4604E-09   -1.6584E-08
   295   -1.2051E-09   -5.5840E-09   -2.0953E-08
   296   -3.6979E-09    3.7465E-08   -1.1025E-07
   297   -3.6855E-09   -1.1908E-08   -2.0437E-08
   298    7.1318E-09   -6.8183E-08   -2.3614E-07
   299   -1.4705E-08    1.2331E-10   -1.4768E-09
   300   -1.7232E-08    5.0926E-09    3.2778E-09
   301   -1.8328E-09   -3.0318E-09   -2.0396E-08
   302   -1.4289E-08    2.0078E-09   -1.3157E-09
   303   -1.8661E-09   -5.3633E-10   -1.6792E-08
   304   -1.8698E-08    6.2897E-09    1.4958E-09
   305   -1.3405E-08   -2.1994E-08   -4.4060E-08
   306   -3.5150E-10   -6.5597E-10   -1.1375E-08
   307    1.0017E-09   -1.5219E-08   -1.3760E-08
   308   -1.7781E-08    4.0238E-09    1.4296E-09
   309    1.7996E-10   -8.5813E-10   -1.1825E-08
   310   -3.2653E-09   -1.2192E-08   -1.2488E-08
   311   -1.0300E-09   -2.8859E-10   -1.3229E-08
   312    1.3451E-09   -1.3106E-08   -2.0710E-08
   313   -7.8652E-10    7.0577E-10   -1.5985E-08
   314   -1.4308E-08    3.5984E-09   -9.3944E-10
   315   -2.2253E-09   -1.5392E-09   -1.8402E-08
   316   -1.1978E-09   -6.8106E-09   -2.3076E-08
   317   -9.3643E-09   -2.0623E-09   -2.3017E-08
   318   -4.7544E-08    7.8515E-09   -6.9841E-08
   319   -1.1608E-09   -4.6189E-10   -1.5661E-08
   320   -8.9098E-10    5.2271E-10   -1.3832E-08
   321   -1.5728E-08    4.9007E-09   -3.6680E-10
   322   -1.0849E-09    1.9878E-10   -1.1824E-08
   323   -2.3775E-09   -2.9241E-09   -2.1894E-08
   324   -5.4088E-08    4.6656E-08   -2.2520E-07
   325    2.5394E-08   -2.5178E-07   -5.9864E-08
   326   -2.3762E-09   -5.1445E-10   -1.6931E-08
   327   -2.2970E-09   -1.5011E-08   -1.3842E-08
   328   -7.5027E-09   -1.3977E-08   -1.4615E-08
   329   -2.2280E-09    3.2666E-10   -1.6073E-08
   330   -9.3341E-10    1.5639E-10   -1.2863E-08
   331    8.3619E-10   -1.5377E-08   -2.2705E-08
   332    8.2791E-09    2.0320E-09   -8.5573E-08
   333   -1.5799E-08    2.1964E-10   -2.6447E-09
   334   -2.0369E-09    9.9093E-10   -1.2853E-08
   335   -2.7343E-09   -1.2080E-09   -1.9594E-08
   336   -1.9902E-08    5.1556E-09    5.7765E-10
   337   -1.7001E-08    5.5893E-09   -3.1901E-10
   338   -1.0062E-09   -8.8843E-09   -2.6437E-08
   339   -5.8073E-09   -2.5221E-08   -3.5256E-08
   340   -1.5478E-08    2.4696E-09   -3.6506E-09
   341   -2.0070E-08    2.1035E-09   -7.2554E-10
   342   -1.9768E-09    1.3108E-09   -1.3678E-08
   343   -2.9191E-09   -2.8540E-09   -2.3657E-08
   344   -7.7339E-09   -1.0949E-08   -1.0829E-08
   345   -2.3930E-08    9.3487E-09   -2.0986E-08
   346   -1.5321E-08    4.0871E-09   -3.5465E-09
   347   -7.9231E-10    7.9511E-10   -1.9118E-08
   348   -2.5654E-09    3.8432E-10   -1.6510E-08
   349   -2.8196E-09   -2.9743E-10   -1.7753E-08
   350   -1.2453E-09    3.0609E-10   -1.3155E-08
   351   -8.9376E-09   -4.6997E-10   -1.8036E-08
   352   -4.6742E-08    4.1723E-08   -1.0788E-07
   353   -1.7377E-08    4.1795E-09   -2.4908E-09
   354   -3.5894E-09   -1.6167E-08   -2.2998E-08
   355   -1.4408E-07    9.2317E-08   -2.8242E-07
   356    2.6704E-07   -4.2771E-07   -5.0511E-07
   357   -6.8890E-10    4.5675E-10   -1.5900E-08
   358   -3.3405E-09   -6.8877E-10   -2.0564E-08
   359   -1.6253E-08    5.2832E-09   -3.4464E-09
   360   -1.8807E-09    4.6486E-10   -1.4620E-08
   361    7.8234E-08   -1.0848E-07   -2.7381E-07
   362   -1.1837E-09    3.3197E-10   -1.3559E-08
   363   -9.6657E-10   -1.1677E-08   -2.9910E-08
   364   -8.9806E-09   -1.6016E-08   -1.7113E-08
   365   -2.4508E-08   -1.2826E-08   -4.4369E-08
   366   -2.7527E-09    3.0563E-10   -1.6797E-08
   367   -5.8423E-09   -1.3613E-08   -6.0862E-08
   368   -1.5079E-09    9.7352E-10   -1.4685E-08
   369   -6.4959E-10   -6.0331E-10   -1.4106E-08
   370   -3.3311E-09    1.3112E-10   -1.8220E-08
   371   -7.3914E-09   -1.7777E-08   -2.3550E-08
   372   -1.8093E-08    5.7592E-09   -3.8509E-09
   373   -3.6157E-09   -2.4276E-09   -2.6696E-08
   374   -1.6122E-08    2.8879E-10   -4.2492E-09
   375   -2.4513E-09    6.6481E-10   -1.5041E-08
   376   -9.7275E-09   -1.6405E-08   -1.0892E-08
   377   -6.6975E-10   -3.8029E-10   -1.4270E-08
   378   -1.5997E-08    2.7052E-09   -6.3980E-09
   379   -4.1439E-09    3.0827E-10   -2.1376E-08
   380   -1.8626E-09    1.0866E-09   -1.3846E-08
   381   -4.9120E-09   -1.9349E-08   -2.6414E-08
   382   -5.3884E-09   -1.5620E-08   -4.0512E-08
   383   -1.1177E-07    1.8082E-08   -2.9702E-07
   384   -1.3162E-07   -1.2782E-07   -6.8295E-07
   385   -9.8447E-08   -1.4107E-07   -4.2083E-07
   386   -3.2066E-09    5.9110E-10   -1.7035E-08
   387   -1.5734E-08    4.2480E-09   -6.1668E-09
   388   -2.0581E-08    5.6464E-09   -5.1381E-09
   389   -5.0377E-10    4.9234E-10   -2.0667E-08
   390   -1.1162E-07   -1.5609E-07   -3.1617E-07
   391   -4.8393E-08    2.2385E-08   -9.8238E-08
   392   -2.8181E-09    7.6738E-10   -1.6027E-08
   393   -8.1498E-10   -5.4793E-10   -7.5245E-08
   394   -5.7251E-09   -1.5356E-08   -3.8182E-08
   395   -1.1863E-08   -2.6607E-08   -5.2063E-08
   396   -9.2647E-10    6.4376E-10   -1.6401E-08
   397   -3.8265E-09    6.9405E-10   -1.8462E-08
   398   -2.5148E-08    8.7224E-09   -2.4724E-08
   399   -1.6453E-08    5.2960E-09   -5.8928E-09
   400   -6.0802E-10   -4.5992E-10   -1.5422E-08
   401   -3.7999E-09   -1.8677E-09   -2.8794E-08
   402   -1.5141E-09    9.5006E-10   -1.6330E-08
   403   -1.8676E-09    5.0424E-10   -1.4936E-08
   404   -3.4182E-09    2.6473E-09   -1.4886E-08
   405   -9.6209E-09   -1.3170E-08   -6.0887E-08
   406   -2.8536E-09    1.3058E-09   -1.6062E-08
   407   -2.1571E-08    4.7722E-09   -4.0541E-09
   408   -1.7918E-08    5.7316E-09   -5.7723E-09
   409   -4.7272E-09    1.5485E-09   -2.2611E-08
   410   -3.0353E-09    7.7192E-10   -1.6413E-08
   411   -3.6812E-09    9.8327E-10   -1.6913E-08
   412   -3.0827E-09   -1.9394E-08   -7.1576E-08
   413   -1.5747E-08    3.1081E-10   -5.6562E-09
   414    7.6134E-08   -9.7609E-08   -2.6378E-07
   415    5.8572E-08   -1.4869E-07   -9.1600E-08
   416    2.8270E-08   -5.5659E-08   -1.2145E-07
   417   -4.2557E-09    1.2983E-09   -1.8149E-08
   418   -6.3759E-09   -2.4376E-08   -6.6419E-08
   419   -2.9400E-09    1.0804E-09   -1.6077E-08
   420   -1.6935E-08   -1.7025E-08   -5.0174E-08
   421   -1.6139E-08    3.0257E-09   -1.5426E-07
   422   -1.5560E-08    2.5715E-09   -8.9878E-09
   423   -5.0622E-09   -2.0501E-08   -3.7239E-08
   424   -1.9405E-08    5.6925E-09   -5.1889E-09
   425   -2.8134E-09   -4.8741E-09   -3.8992E-08
   426   -1.5329E-08    3.9983E-09   -8.9478E-09
   427   -3.3486E-09    9.3485E-10   -1.5925E-08
   428   -5.7598E-08    1.1594E-08   -1.8070E-07
   429   -1.5589E-09    4.7473E-10   -1.5486E-08
   430   -2.5064E-10    2.4777E-10   -2.0853E-08
   431   -3.7438E-09    1.0819E-09   -1.6269E-08
   432   -7.6025E-10    4.0282E-10   -1.5869E-08
   433   -1.6058E-08    5.1451E-09   -8.8299E-09
   434   -4.9175E-09    3.4919E-09   -2.4132E-08
   435   -3.0482E-09    9.1086E-10   -1.6270E-08
   436   -7.2863E-10   -9.7313E-12   -1.5277E-08
   437   -2.5225E-09    1.0355E-09   -1.5089E-08
   438   -1.7098E-08    5.7385E-09   -8.6960E-09
   439   -4.3081E-09    1.8647E-09   -1.7604E-08
   440   -4.8905E-08    1.2035E-08   -9.6329E-08
   441   -1.1128E-07   -1.8200E-07   -5.4957E-07
   442    2.2557E-08   -1.2370E-07   -1.3494E-07
   443   -1.1621E-07   -8.8739E-08   -2.2494E-07
   444   -3.6558E-09    1.1270E-09   -1.5529E-08
   445   -1.7033E-08    5.3827E-09   -8.6049E-09
   446   -3.2236E-09    8.2403E-10   -1.5986E-08
   447   -2.9107E-09    1.1124E-09   -1.6029E-08
   448   -1.1899E-09   -1.6443E-08   -3.1941E-09
   449   -1.1375E-08   -1.6094E-08   -1.1400E-07
   450   -1.8563E-08    2.8000E-09   -5.2144E-09
   451   -1.2209E-08   -2.4340E-08   -8.8601E-08
   452   -7.7731E-09   -2.1451E-08   -4.0402E-08
   453   -8.6618E-09   -5.8870E-09   -8.8885E-08
   454   -3.7321E-09    1.1498E-09   -1.5308E-08
   455   -3.9693E-08   -3.9378E-08   -9.5088E-08
   456   -1.4708E-08    2.9879E-10   -6.8789E-09
   457   -2.0697E-09    9.3937E-09   -3.0038E-08
   458   -1.4571E-08    2.2970E-09   -1.1321E-08
   459   -2.9517E-09    8.0764E-10   -1.5844E-08
   460   -3.4184E-08    8.1182E-09   -4.5705E-08
   461   -3.5744E-09    9.3539E-10   -1.5237E-08
   462   -4.0289E-09    2.9019E-09   -1.6817E-08
   463   -1.4326E-08    3.6933E-09   -1.1528E-08
   464   -2.8952E-08    4.2004E-09   -1.1365E-07
   465   -3.5824E-09    1.0309E-09   -1.4896E-08
   466   -7.9050E-11    7.6430E-11   -2.0891E-08
   467   -1.4858E-08    4.6125E-09   -1.1477E-08
   468   -7.8514E-10    3.9308E-10   -1.5550E-08
   469   -5.2554E-08    3.1950E-09   -8.4195E-08
   470    8.5661E-08   -8.2605E-08   -4.3537E-08
   471   -3.3712E-09    8.8432E-10   -1.5904E-08
   472   -1.2468E-09    4.6342E-10   -1.5548E-08
   473   -3.4311E-09    1.0415E-09   -1.4290E-08
   474   -1.9270E-09    7.6886E-10   -1.6606E-08
   475   -1.6469E-08    5.3396E-09   -1.1100E-08
   476   -1.6676E-08   -3.2614E-08   -2.2974E-08
   477   -3.9389E-09    1.1001E-09   -1.4641E-08
   478   -1.6215E-08    3.2120E-09   -1.1208E-08
   479   -2.4211E-09    8.5422E-10   -1.5927E-08
   480   -1.6048E-08   -1.4726E-08   -1.6587E-08
   481   -5.2083E-08    7.4049E-09   -1.3812E-07
   482   -3.8478E-09    1.0324E-09   -1.5243E-08
   483   -1.4388E-08   -1.1933E-08   -7.6299E-10
   484   -1.3329E-08   -2.1939E-08   -4.9021E-08
   485   -1.3441E-09    9.1097E-09   -5.1257E-08
   486   -3.3491E-09    7.7412E-10   -1.3997E-08
   487   -1.9699E-08   -1.5483E-08   -1.0957E-07
   488   -1.9758E-09    2.4866E-09   -1.6226E-08
   489   -2.7887E-09    8.3552E-10   -1.5965E-08
   490   -2.2191E-08   -4.2238E-09   -1.2887E-07
   491   -2.2753E-08    1.1731E-08   -2.5871E-08
   492   -1.3129E-08    2.7255E-10   -7.8995E-09
   493   -2.6806E-09    4.8346E-10   -1.3361E-08
   494   -1.3144E-08    2.0169E-09   -1.3398E-08
   495   -3.1478E-09    8.2596E-10   -1.5483E-08
   496   -4.2595E-09    1.1276E-09   -1.4531E-08
   497   -4.0950E-09    1.1110E-09   -1.3787E-08
   498   -2.1235E-08    5.0828E-09   -1.0647E-07
   499   -2.3257E-08   -7.4810E-09   -4.4106E-08
   500   -1.2931E-08    3.1970E-09   -1.3618E-08
   501   -2.9451E-09    4.1247E-10   -1.3439E-08
   502   -1.3116E-08    4.0282E-09   -1.3382E-08
   503   -4.9158E-08    1.0568E-08   -1.1118E-07
   504    0.0000E+00    0.0000E+00   -1.5253E-08
   505   -6.0896E-10    2.2998E-10   -9.9138E-09
   506   -3.7524E-09    1.0858E-09   -1.5405E-08
   507    1.9786E-08   -6.6343E-08   -6.4306E-08
   508    3.1769E-08   -6.8364E-08   -5.2302E-08
   509   -1.1684E-09    3.9520E-10   -9.8383E-09
   510   -2.0951E-08   -2.2742E-08   -2.6407E-09
   511    2.4259E-10    1.7162E-09   -1.2992E-08
   512   -1.3350E-08    4.5639E-09   -1.2687E-08
   513   -1.5325E-08   -1.4995E-08   -1.4598E-08
   514   -1.7053E-09    5.2701E-10   -1.0714E-08
   515   -4.6546E-09    1.2233E-09   -1.4031E-08
   516   -1.2698E-09    9.0979E-11   -1.2431E-08
   517   -1.5919E-08    5.4816E-09   -1.3593E-08
   518   -3.8791E-09    7.7519E-10   -1.3450E-08
   519   -1.3436E-08    5.5457E-10   -5.0034E-08
   520   -2.3205E-08   -1.8853E-08   -1.0814E-08
   521   -2.2779E-08   -1.4529E-08   -6.8123E-08
   522   -3.4519E-08    1.9646E-09   -1.1052E-07
   523   -2.0257E-09    4.3244E-10   -1.0339E-08
   524   -4.1962E-09    1.2145E-09   -1.4765E-08
   525   -3.1859E-08   -1.3144E-09   -1.2420E-07
   526   -1.4244E-08    4.2265E-09   -1.3382E-08
   527   -2.0972E-09   -2.2664E-10   -1.3031E-08
   528   -3.3579E-08    8.8679E-09   -1.1811E-07
   529   -2.4976E-09    5.0457E-10   -1.0111E-08
   530   -4.8646E-09    1.1598E-09   -1.3705E-08
   531   -1.8078E-08   -1.1470E-08   -2.5692E-08
   532   -1.1213E-08    2.7668E-10   -9.2333E-09
   533   -4.4253E-09    1.1505E-09   -1.4117E-08
   534   -4.4999E-09    5.1817E-09   -1.1659E-08
   535   -1.1345E-08    1.5959E-09   -1.5120E-08
   536   -3.0053E-09    6.4312E-10   -1.0149E-08
   537   -6.8141E-10    2.0134E-10   -1.4190E-08
   538   -3.3767E-09    2.0110E-10   -1.3192E-08
   539   -2.3389E-08    8.0895E-09   -6.9688E-08
   540   -1.1027E-08    2.4288E-09   -1.5031E-08
   541   -3.8135E-08    1.2349E-08   -8.9500E-08
   542   -1.4610E-08    5.8818E-09   -1.0395E-08
   543   -4.5408E-08    2.1426E-09   -1.3251E-07
   544   -1.1028E-08    3.3303E-09   -1.4710E-08
   545   -1.2656E-09   -9.6362E-10   -1.3665E-08
   546   -1.8354E-08   -1.9162E-08   -5.1594E-09
   547   -3.3723E-09    6.5461E-10   -9.9535E-09
   548    6.6423E-08   -1.0508E-07   -1.0231E-07
   549    4.1713E-08   -7.6326E-08   -6.4728E-08
   550   -2.1302E-08   -2.2363E-08   -2.9526E-08
   551   -1.1651E-08    4.0275E-09   -1.4223E-08
   552   -1.7407E-08   -2.1245E-08   -1.0440E-08
   553   -2.5266E-08   -1.8705E-10   -4.7856E-08
   554   -4.6390E-09    1.1082E-09   -1.4129E-08
   555   -4.8665E-09    9.2306E-10   -1.3385E-08
   556   -1.6993E-08   -7.8208E-09   -4.9864E-08
   557   -2.8385E-08   -4.9753E-09   -1.0208E-07
   558   -1.5010E-08    1.6453E-09   -2.6536E-08
   559   -1.4341E-08    1.2104E-08   -2.3910E-08
   560   -2.9171E-09   -3.4887E-10   -1.3593E-08
   561   -2.4648E-09    5.6463E-10   -1.8022E-08
   562   -1.4310E-08   -3.0928E-09   -1.8373E-08
   563   -3.8048E-09    7.8554E-10   -9.6627E-09
   564   -1.2055E-08    5.0320E-09   -1.3178E-08
   565   -3.9650E-08    1.1048E-08   -1.2729E-07
   566   -1.3366E-08   -2.1159E-08   -2.3995E-08
   567   -1.3967E-09   -1.0893E-09   -1.5004E-08
   568   -3.4528E-08    7.7275E-09   -7.4157E-08
   569   -4.9626E-09    1.1980E-09   -1.4015E-08
   570   -4.6645E-09    4.6341E-10   -1.3431E-08
   571    1.7677E-07    9.3931E-08   -4.0960E-07
   572   -9.1267E-09    1.9468E-10   -9.9041E-09
   573   -1.1666E-08    4.6756E-09   -1.1311E-08
   574   -3.9419E-09    6.6706E-10   -9.4821E-09
   575   -1.8987E-08   -1.7500E-08   -6.0754E-09
   576   -7.2164E-09    2.8695E-09   -2.3474E-08
   577   -2.6175E-09   -7.9179E-10   -1.4412E-08
   578   -9.2292E-09    9.5796E-10   -1.6119E-08
   579   -4.1255E-08    4.4389E-09   -1.2948E-07
   580   -2.1626E-08   -1.8033E-09   -2.7073E-08
   581   -1.7191E-08   -1.9165E-08   -5.0609E-09
   582   -9.0285E-09    1.6227E-09   -1.6080E-08
   583    8.9495E-08    3.3602E-08   -2.3096E-07
   584   -2.0944E-08   -6.7684E-09   -7.7818E-08
   585   -3.5152E-08    2.5344E-08   -7.6242E-08
   586   -1.8311E-08    3.3525E-09   -2.1387E-08
   587   -2.3875E-08   -2.3927E-08   -6.4678E-08
   588   -9.9840E-09   -2.0613E-08   -2.7110E-08
   589   -9.1266E-09    2.5810E-09   -1.5939E-08
   590   -2.8569E-09   -2.3173E-10   -1.7933E-08
   591   -1.7945E-08    2.9698E-10   -3.1516E-08
   592   -1.2901E-08   -1.9925E-08   -2.5036E-08
   593   -3.1021E-08    1.4527E-08   -5.9985E-08
   594   -5.0700E-09    1.0720E-09   -1.3700E-08
   595   -9.5724E-09    3.7132E-09   -1.5540E-08
   596   -1.3211E-08    4.0548E-09   -1.7707E-08
   597   -3.5216E-08    7.3878E-09   -1.4737E-07
   598   -4.0293E-09    5.8304E-10   -9.4231E-09
   599   -5.1562E-08   -2.1033E-08   -4.1201E-08
   600   -4.4616E-09   -1.5612E-11   -1.3954E-08
   601   -2.7293E-09   -9.5157E-10   -1.5618E-08
   602    1.7175E-07    2.3520E-07   -6.1100E-07
   603   -1.0144E-08    5.0074E-09   -1.4230E-08
   604   -3.7884E-08    1.8234E-08   -9.9517E-08
   605   -6.2667E-09    1.7357E-09   -2.1289E-08
   606   -1.2728E-08   -2.0386E-08   -2.8406E-08
   607   -5.8326E-09   -2.3301E-08   -2.6752E-08
   608   -2.0322E-08   -2.7091E-08   -9.3746E-09
   609   -5.1363E-09    8.4478E-10   -1.3633E-08
   610   -4.2538E-09    7.2140E-10   -9.1368E-09
   611   -4.1834E-09   -1.9940E-08   -3.0103E-08
   612   -1.6814E-08    5.5307E-09   -2.0003E-08
   613   -1.0962E-08    6.3395E-09   -1.1383E-08
   614    7.2496E-07   -1.7595E-07   -1.5914E-07
   615    2.4254E-07    1.4694E-07   -5.7343E-07
   616   -2.3717E-08   -1.7566E-08   -1.0454E-07
   617   -4.5720E-09   -3.3893E-10   -1.4878E-08
   618   -2.8932E-08    4.5603E-09   -1.0990E-07
   619   -3.9062E-09   -3.7274E-10   -1.7617E-08
   620   -2.1311E-08   -1.0677E-08   -8.7033E-08
   621   -2.4931E-08    3.0907E-09   -2.6248E-08
   622   -7.1440E-09    1.2762E-10   -1.0385E-08
   623   -1.1472E-08   -3.0718E-08   -8.8318E-08
   624   -7.2494E-09    3.8571E-10   -1.6641E-08
   625   -7.2069E-09    9.0938E-10   -1.6524E-08
   626   -1.1415E-08    3.9553E-09   -2.1113E-08
   627   -1.9447E-08    6.2837E-09   -4.7435E-08
   628   -3.9507E-08    1.8363E-08   -1.6290E-07
   629   -7.1155E-09    1.8799E-09   -1.6540E-08
   630   -3.7864E-09   -2.1446E-08   -2.0331E-08
   631   -4.3608E-09    7.8693E-10   -8.8730E-09
   632   -3.4732E-08   -5.4605E-08   -1.3254E-07
   633   -7.4501E-09    3.0138E-09   -1.6505E-08
   634   -5.3788E-09    6.5042E-10   -1.4190E-08
   635   -6.4224E-09    1.1014E-09   -1.9213E-08
   636   -1.8894E-08    3.9954E-09   -1.0340E-08
   637    7.1141E-09   -2.2838E-08   -1.0366E-09
   638   -7.7766E-10   -2.5124E-08   -2.0066E-08
   639    8.6774E-08   -1.6577E-07   -3.8363E-07
   640    1.3975E-07   -2.0735E-07   -1.5495E-07
   641   -5.1397E-09   -3.1272E-10   -1.6348E-08
   642   -2.8960E-08    7.4389E-09   -8.4461E-08
   643   -1.0093E-08    3.1922E-08   -6.7969E-09
   644   -1.8265E-08   -1.0632E-08   -1.4449E-07
   645   -8.7289E-09    4.8010E-09   -1.6219E-08
   646   -2.5937E-09   -2.5331E-08   -4.0177E-08
   647   -5.9480E-09   -1.9446E-08   -3.4266E-08
   648   -3.1595E-08    1.0276E-08   -6.1857E-08
   649   -1.5908E-08    5.4267E-09   -1.7197E-08
   650   -4.5874E-09    9.3166E-10   -8.8781E-09
   651   -7.8350E-08   -2.4501E-08   -1.0031E-07
   652   -1.0809E-08    8.3071E-09   -1.4298E-08
   653   -2.4072E-09   -2.0607E-08   -1.3534E-08
   654   -6.5964E-09    5.3325E-10   -1.7633E-08
   655   -2.9362E-07    1.0955E-08   -3.2515E-07
   656   -1.0077E-08    3.1560E-09   -1.9211E-08
   657   -1.1290E-08   -1.4160E-07   -8.1384E-08
   658   -3.5397E-08    9.2349E-09   -1.5549E-07
   659   -5.7061E-09    3.4725E-10   -1.5264E-08
   660    1.9818E-09   -5.9464E-08   -5.1484E-07
   661    1.6316E-07   -3.1212E-07   -3.4514E-07
   662   -1.1797E-08    3.8396E-08   -1.9023E-07
   663   -1.5674E-08    8.9483E-09   -3.3501E-08
   664   -4.1428E-10   -2.4590E-08   -9.0561E-09
   665   -5.4002E-09    1.7776E-11   -1.0593E-08
   666   -1.7614E-08   -1.5034E-08   -8.4373E-08
   667   -5.6237E-09    2.6429E-12   -1.6607E-08
   668   -5.5919E-09    3.7322E-10   -1.6306E-08
   669   -2.6461E-09   -1.7403E-08   -2.5733E-08
   670   -6.5968E-09    6.5164E-10   -1.7674E-08
   671   -6.2160E-08    2.0472E-08   -4.7530E-07
   672   -2.0661E-08    5.6321E-09   -5.9030E-08
   673   -5.2192E-09    1.1945E-09   -1.6465E-08
   674   -1.8521E-08    6.1080E-09   -1.3608E-08
   675   -1.5788E-08   -3.5051E-08   -9.9043E-08
   676   -1.9725E-08    1.3132E-09   -7.2239E-09
   677   -4.8769E-09    9.4821E-10   -9.2545E-09
   678   -2.4914E-08   -3.5469E-08   -3.3528E-07
   679    2.7645E-08   -1.1112E-07   -2.7977E-07
   680    2.2773E-08   -5.5054E-07    6.9602E-08
   681   -5.1690E-09    2.2282E-09   -1.6758E-08
   682   -4.1705E-08   -1.8077E-09   -1.8937E-07
   683    1.2124E-07   -1.3755E-07   -4.8755E-07
   684   -6.2663E-09    5.0449E-11   -1.6250E-08
   685   -2.0073E-09   -1.8164E-08   -7.8723E-09
   686   -1.3865E-08    4.6681E-09   -1.6759E-08
   687   -7.6206E-09   -2.8674E-08   -3.2191E-08
   688   -5.9420E-09    4.0604E-09   -1.7679E-08
   689   -2.6480E-08   -1.0412E-09   -4.7149E-08
   690   -9.6178E-09    2.3152E-09   -1.7678E-08
   691   -2.0946E-08   -6.3495E-09   -9.7033E-08
   692   -2.0239E-08    5.6455E-09   -1.0351E-08
   693   -4.6918E-09   -1.0133E-08   -2.0919E-08
   694   -9.1499E-08   -2.8821E-08   -3.0780E-07
   695    2.2606E-09   -1.1281E-07   -2.1234E-07
   696   -6.3037E-09   -5.4031E-10   -1.8339E-08
   697    7.0175E-08   -2.3281E-07   -6.0037E-07
   698   -9.1893E-09    7.6297E-09   -1.7334E-08
   699   -3.5198E-09   -1.9886E-08   -2.6534E-09
   700    4.4640E-07   -8.6476E-07   -5.6004E-07
   701   -5.6809E-09    1.1166E-09   -9.9582E-09
   702    6.2984E-08   -1.6209E-07   -2.5770E-07
   703   -1.8921E-08    5.8634E-09   -1.2678E-08
   704   -8.0938E-09    7.0014E-10   -1.8061E-08
   705   -1.6137E-08    9.1436E-09   -4.7658E-08
   706   -3.4308E-09   -1.5840E-08   -5.8056E-09
   707   -1.9436E-08   -3.2586E-09   -7.8606E-08
   708   -3.1890E-08    1.9705E-09   -7.8795E-08
   709   -1.6010E-08    5.4993E-09   -1.3305E-08
   710   -4.1461E-09    5.4165E-11   -1.0855E-08
   711   -1.2439E-08    3.6791E-09   -1.5653E-08
   712   -4.2194E-09   -9.8187E-11   -1.5583E-08
   713   -4.2426E-09   -3.1846E-10   -1.6291E-08
   714   -4.2891E-08    2.1784E-08   -1.5489E-07
   715   -9.6165E-09    1.4307E-09   -1.7394E-08
   716   -2.9198E-09   -1.0245E-09   -1.4403E-08
   717   -3.7563E-09    6.9227E-10   -1.5758E-08
   718    1.1680E-08   -1.0498E-07   -1.8206E-07
   719   -2.9773E-07   -1.7901E-07   -6.7388E-07
   720   -1.5773E-07    1.2888E-07   -9.4536E-07
   721   -3.4818E-09    1.5294E-09   -1.6133E-08
   722    7.4992E-08   -2.2599E-07   -1.2691E-07
   723   -7.0503E-09   -2.4082E-08   -1.0572E-08
   724   -6.7433E-09    1.0177E-09   -1.1644E-08
   725   -8.1828E-09   -2.1651E-08   -3.9554E-08
   726   -9.4865E-09   -1.6540E-08   -9.6452E-09
   727   -3.6543E-09    3.2379E-09   -1.7369E-08
   728   -1.6119E-08    5.3350E-09   -9.7369E-09
   729   -1.1116E-08   -1.7147E-08   -1.3022E-08
   730   -1.8785E-08    3.8168E-09   -5.4591E-09
   731   -1.5157E-08    6.4719E-09   -2.0659E-08
   732   -1.4491E-08    4.6070E-09   -1.2790E-08
   733   -1.0576E-08    1.5412E-09   -1.6191E-08
   734   -2.8338E-09    5.4644E-09   -1.9290E-08
   735    7.4516E-08   -8.4063E-08   -2.2508E-07
   736   -1.2018E-08    2.7180E-09   -1.5050E-08
   737   -1.3501E-08   -1.3915E-08   -8.2828E-08
   738   -2.8321E-08    1.3114E-08   -5.2882E-08
   739   -2.5822E-08    5.8947E-08   -5.3454E-08
   740    4.4612E-08   -1.0605E-07   -5.7673E-08
   741   -2.5748E-07    2.8174E-07   -2.9741E-07
   742   -8.0487E-09    3.3295E-10   -1.4247E-08
   743   -1.2827E-08   -1.5473E-08   -1.8706E-08
   744   -8.0629E-09    1.2784E-08   -4.2497E-08
   745   -1.1999E-08   -1.4426E-08   -1.3263E-08
   746   -1.7465E-08    4.5869E-09   -7.4953E-09
   747   -1.7340E-08    6.3744E-09   -1.3637E-08
   748   -3.2716E-09    6.7218E-11   -1.0405E-08
   749   -3.3932E-09   -4.1265E-10   -1.5920E-08
   750   -3.3528E-09   -2.8839E-10   -1.5119E-08
   751   -1.4930E-08   -2.1836E-08   -3.2670E-08
   752   -2.8197E-09    3.0728E-10   -1.4750E-08
   753   -1.9017E-08    1.2011E-08   -6.9312E-08
   754   -1.2286E-08   -5.9222E-09   -7.6856E-08
   755    3.8608E-08    3.5335E-09   -1.1252E-07
   756   -2.6484E-09    1.2654E-09   -1.5311E-08
   757   -1.5534E-08    4.7448E-09   -9.5714E-09
   758   -8.5040E-09   -2.1246E-08   -1.9089E-08
   759   -1.3693E-08    3.3835E-09   -1.2558E-08
   760   -1.2079E-08    1.5979E-09   -1.4603E-08
   761    6.4109E-08   -6.7886E-08   -1.8637E-07
   762   -7.0126E-08    3.7540E-09   -8.4505E-08
   763   -2.8524E-09    2.5393E-09   -1.6340E-08
   764   -1.3354E-08   -6.7064E-08   -3.2074E-07
   765   -1.6023E-08    3.4136E-09   -8.5322E-10
   766   -9.8744E-09    3.6528E-11   -1.0884E-08
   767   -5.2651E-09    1.2185E-08   -9.6868E-08
   768   -1.2033E-08   -1.1865E-08   -7.5523E-09
   769   -1.9452E-08    2.1564E-09   -1.7811E-09
   770   -1.5286E-08   -1.9708E-08   -5.2243E-08
   771   -4.7055E-09    5.0880E-09   -2.0130E-08
   772   -7.5424E-09   -1.5983E-08   -5.3455E-08
   773   -1.7113E-08    3.9606E-10   -1.0606E-07
   774   -1.6399E-08   -3.5349E-08   -1.0541E-07
   775   -5.2660E-09   -3.8982E-09   -7.3996E-08
   776   -1.6613E-08    4.7229E-09   -7.9165E-09
   777   -2.7358E-09    6.1686E-11   -1.0197E-08
   778   -2.1354E-09    9.1806E-09   -2.4934E-08
   779    6.9155E-08   -6.1210E-08   -2.3587E-07
   780   -3.0859E-09   -1.9642E-10   -1.5638E-08
   781   -1.4537E-08    3.6753E-09   -1.0068E-08
   782   -1.3429E-08    1.8184E-09   -1.2611E-08
   783    4.8124E-08    7.0332E-09   -1.8222E-07
   784   -3.0139E-09   -1.9848E-10   -1.4863E-08
   785   -1.4385E-08    3.6173E-09   -2.3400E-09
   786   -1.1776E-08   -8.9005E-11   -9.2490E-09
   787   -1.8452E-08    5.9842E-09   -4.0407E-09
   788   -2.1627E-08    4.2085E-09   -4.8883E-09
   789   -2.4542E-09    2.5964E-10   -1.4183E-08
   790   -1.1276E-08   -1.3603E-08   -2.9260E-08
   791   -2.0320E-08    6.5589E-09   -4.0910E-09
   792   -7.3136E-09   -1.3745E-08   -7.1894E-08
   793   -9.2454E-09   -1.4016E-08   -6.8095E-08
   794   -1.8914E-08    5.2547E-09   -2.2894E-09
   795   -2.3129E-09    9.8614E-10   -1.4790E-08
   796   -1.1770E-08   -2.0586E-08   -4.4142E-08
   797   -9.0473E-09   -1.7698E-08   -1.0060E-07
   798   -1.5993E-08    4.9966E-09   -2.6185E-09
   799    4.2368E-09   -3.5412E-08   -9.9573E-08
   800   -3.2104E-09    2.2166E-09   -1.6309E-08
   801   -9.2434E-09   -1.8566E-08   -6.1783E-08
   802    1.6171E-09   -2.3848E-09   -3.6802E-08
   803    3.9815E-08   -3.3016E-08   -2.4209E-07
   804   -2.3964E-09   -2.9231E-08   -5.5287E-08
   805    5.9120E-08   -5.8151E-08   -2.6248E-07
   806   -3.3459E-09    4.1338E-09   -1.8553E-08
   807   -1.5633E-08   -4.1917E-09   -1.0982E-09
   808   -1.4639E-08    3.5934E-09   -7.9760E-09
   809   -1.3324E-08   -1.4854E-10   -7.8628E-09
   810   -1.4257E-08    1.9852E-09   -1.0426E-08
   811   -1.4337E-08   -2.2193E-08   -1.0983E-07
   812   -1.3908E-08   -1.8162E-08   -6.9842E-08
   813   -1.3994E-08   -3.4507E-08   -1.3633E-07
   814   -1.4712E-08    4.3922E-09   -4.6998E-09
   815   -1.0609E-10   -4.8333E-08   -1.2384E-07
   816   -1.7468E-08    5.6221E-09    1.3073E-10
   817   -3.8879E-09    3.2545E-09   -2.3557E-08
   818    4.9431E-10   -2.0829E-08   -3.6249E-08
   819   -5.7391E-09   -2.0728E-08   -7.6212E-08
   820   -3.4335E-09   -1.9201E-08   -7.8442E-08
   821   -2.4346E-09    3.9529E-11   -1.0190E-08
   822   -2.8687E-09   -5.0487E-11   -1.5453E-08
   823   -8.7144E-10   -1.5522E-08   -4.0285E-08
   824   -2.9114E-09   -5.4209E-12   -1.4889E-08
   825    5.6752E-08   -1.5067E-08   -2.6111E-07
   826    2.5655E-08   -4.6206E-08   -2.2444E-07
   827   -2.4431E-09    3.8347E-10   -1.4209E-08
   828   -1.7600E-08    5.2409E-09   -5.2906E-10
   829   -2.4671E-09    9.8138E-10   -1.5018E-08
   830   -1.4584E-08    5.1695E-09   -2.6943E-10
   831   -1.6694E-08   -5.4217E-11    1.1348E-09
   832    5.1274E-10   -3.0486E-08   -9.8564E-08
   833   -1.4109E-08    4.8682E-09   -1.3165E-09
   834    1.9205E-09   -2.9376E-08   -7.6153E-08
   835    5.3019E-09   -3.9368E-08   -1.4683E-07
   836   -1.4336E-08   -1.5757E-10   -6.4608E-09
   837    1.0753E-08   -2.3709E-08   -3.2367E-08
   838   -1.4495E-08    2.0143E-09   -8.2435E-09
   839   -2.8927E-09    1.8119E-09   -1.6741E-08
   840    1.4412E-08   -6.9264E-08   -1.9813E-07
   841    1.1057E-08   -6.9691E-08   -2.2527E-07
   842    6.5076E-09   -1.5392E-08   -5.8493E-09
   843   -7.2053E-10   -7.3432E-10   -2.1925E-08
   844   -1.4017E-08    3.3748E-09   -5.3966E-09
   845   -2.7993E-09   -8.1971E-08   -1.7348E-07
   846   -3.7275E-09    2.1955E-09   -1.8333E-08
   847   -1.6413E-08    6.0419E-09    9.9876E-10
   848    4.5005E-09   -1.5404E-08   -2.0539E-08
   849   -1.5488E-08    5.2210E-09    5.2008E-09
   850    1.9816E-08    2.2051E-07   -3.6340E-07
   851   -5.2749E-09    4.2029E-09   -1.8973E-08
   852    2.3072E-08   -2.7291E-08   -2.2374E-07
   853   -1.3252E-08    4.1707E-09   -2.0920E-09
   854    1.1795E-08   -1.9356E-08   -1.8237E-08
   855    1.1961E-08   -2.3410E-08   -4.2583E-08
   856    2.1735E-08   -3.7620E-08   -9.3601E-08
   857   -5.6553E-09    3.4580E-09    3.5033E-09
   858    2.5515E-09   -8.5833E-09   -2.5001E-08
   859    3.1921E-08   -8.8964E-08   -1.5721E-07
   860    6.7226E-08   -6.3103E-08   -1.2438E-07
   861   -2.1913E-09   -6.8474E-11   -1.0186E-08
   862   -2.6310E-09   -2.6126E-11   -1.5273E-08
   863    9.3694E-09   -1.6207E-08   -9.8825E-09
   864   -1.2702E-08    5.0913E-09    7.5474E-10
   865   -1.4127E-08    5.4834E-09    6.9073E-09
   866   -2.6386E-09   -1.3949E-07   -4.4432E-07
   867   -3.0011E-09    3.3245E-10   -1.4831E-08
   868   -1.4780E-08   -1.0698E-10   -5.2118E-09
   869   -1.4242E-08    1.9469E-09   -5.7083E-09
   870   -2.5189E-09    5.5965E-10   -1.4869E-08
   871   -8.0973E-08    1.6992E-07   -1.2599E-06
   872   -1.2973E-08    3.1359E-09   -2.7734E-09
   873    8.2925E-09   -1.3206E-08   -4.3335E-09
   874   -1.3470E-08    5.3989E-09    8.6688E-10
   875   -2.3843E-09    8.8155E-10   -1.5830E-08
   876    5.6375E-08   -8.5176E-09   -1.8712E-07
   877   -1.0079E-08    4.5302E-09    8.0338E-09
   878   -2.4525E-09    8.4180E-10   -1.7669E-08
   879    5.8144E-09   -1.2775E-08   -2.0718E-08
   880   -1.2094E-08    3.9968E-09    3.8448E-10
   881    7.6106E-09   -1.1159E-08    3.9800E-10
   882   -1.1586E-09   -1.3220E-09   -2.2620E-08
   883    3.2748E-08   -7.5287E-08   -4.6936E-08
   884    2.1798E-08   -1.4764E-08   -1.2026E-08
   885    1.2337E-08   -1.0676E-08    1.5143E-09
   886   -2.0613E-09   -2.5796E-10   -2.1267E-08
   887    2.6581E-08   -3.2316E-08   -1.0166E-08
   888    3.7874E-07   -7.9863E-08   -2.9847E-07
   889   -1.8395E-09    9.2714E-09    4.4189E-11
   890   -1.1710E-08    4.2320E-09    7.6106E-09
   891    5.9749E-07   -7.8315E-08   -9.1866E-07
   892   -4.2713E-08    6.0280E-08   -3.6535E-07
   893   -1.3672E-08    4.8875E-09    5.6947E-11
   894   -1.4685E-08   -6.1386E-11   -3.7244E-09
   895    6.4044E-09   -1.2644E-08   -1.0089E-08
   896   -8.5454E-09    3.0285E-09    8.4950E-09
   897   -1.3507E-08    1.7511E-09   -3.3392E-09
   898    2.4835E-08   -4.7095E-08   -2.1567E-09
   899    2.9581E-08   -5.8394E-09   -3.5204E-07
   900    6.3241E-10   -5.8189E-09   -2.4892E-08
   901   -2.8009E-09    2.5988E-09    4.3414E-09
   902   -1.1766E-08    2.8197E-09   -6.8550E-10
   903   -2.1463E-09   -1.6992E-11   -1.0101E-08
   904    4.1293E-08    1.3807E-08   -3.7138E-08
   905   -1.1138E-08    3.5156E-09    8.3597E-10
   906   -2.5744E-09    1.3806E-10   -1.5045E-08
   907   -3.0041E-09   -2.3311E-08    3.7121E-09
   908    2.2188E-07    1.8483E-07   -7.4920E-07
   909    5.7105E-09   -1.0475E-08   -3.6906E-09
   910    3.8367E-09   -1.3226E-08   -6.7700E-09
   911   -2.9478E-09    5.1192E-10   -1.5059E-08
   912    2.1982E-08    9.0408E-08   -3.9126E-07
   913    4.9376E-09   -1.0032E-08   -3.2237E-09
   914   -2.6032E-09    7.5449E-10   -1.5496E-08
   915    4.3105E-09   -8.1449E-09   -7.7705E-10
   916    1.0662E-06    1.2102E-07   -8.6806E-07
   917    3.5209E-09   -9.6485E-09   -1.8732E-08
   918   -2.1158E-09    5.9574E-10   -1.6378E-08
   919    1.3552E-07   -7.9829E-08    7.2538E-08
   920   -6.4592E-09    1.2012E-08   -2.2600E-08
   921    5.3037E-07   -9.2944E-08   -9.4995E-07
   922   -1.1500E-09    2.9698E-09    2.9428E-09
   923   -1.8635E-09    1.9940E-10   -1.7883E-08
   924   -9.4867E-09    2.7187E-09    3.5441E-09
   925   -1.4035E-08   -3.9681E-11   -2.4101E-09
   926   -6.7106E-09    1.7862E-09    7.0688E-09
   927   -6.7064E-08    8.9194E-08   -3.1988E-07
   928   -3.0995E-09    1.0964E-09    5.3520E-09
   929    1.1749E-08   -1.8843E-08    2.5795E-08
   930   -1.2325E-08    1.5189E-09   -1.2206E-09
   931   -1.4354E-09   -5.0987E-10   -1.9399E-08
   932   -9.8492E-09    2.9837E-09    9.8663E-10
   933    1.0270E-08   -1.4971E-08    3.8718E-09
   934   -1.0198E-08    2.3623E-09    3.2655E-10
   935   -7.5100E-10   -1.8531E-09   -1.9221E-08
   936    4.7714E-09   -9.9597E-09   -1.1440E-08
   937   -1.0360E-09    3.5664E-09    3.8129E-10
   938    4.1536E-08    6.6338E-09   -4.8825E-08
   939    4.3889E-09   -1.2231E-08   -2.6778E-09
   940    4.3047E-07   -3.7683E-07   -9.8034E-08
   941    1.6444E-08   -3.1850E-07   -6.4577E-07
   942    7.9653E-10   -4.9017E-09   -1.9754E-08
   943    3.7678E-09   -1.4780E-08    5.2480E-09
   944    3.9231E-09   -9.4041E-09   -6.9123E-09
   945   -2.1229E-09    7.3533E-11   -1.0126E-08
   946    5.1507E-09    1.7835E-09    3.8704E-09
   947   -9.1507E-10    4.1314E-10   -6.3792E-10
   948   -2.4929E-09    2.6686E-10   -1.5323E-08
   949   -3.9734E-08   -5.3265E-07   -4.5529E-07
   950   -2.7023E-09    5.0623E-10   -1.5877E-08
   951   -1.2949E-08    7.8781E-12   -1.2751E-09
   952    2.9294E-09   -9.3492E-09   -4.3066E-09
   953   -2.3396E-09    5.9996E-10   -1.6127E-08
   954   -8.6015E-09   -3.8528E-10   -1.9744E-08
   955   -3.0455E-09    4.1608E-10    3.0320E-09
   956    2.3914E-09   -7.2410E-09   -1.6621E-08
   957   -1.2524E-10   -1.1924E-08   -1.1108E-09
   958   -1.0733E-08    1.2368E-09    2.1710E-10
   959   -7.3698E-09    1.7715E-09    2.0302E-09
   960   -5.3550E-09    6.3686E-10    5.0140E-09
   961   -2.8311E-09    1.3715E-09   -2.3080E-09
   962   -8.3352E-09    1.7375E-09    1.0619E-09
   963   -1.8960E-09    3.9698E-10   -1.6575E-08
   964   -5.3237E-09    2.7899E-09   -2.9155E-09
   965   -1.3388E-08   -1.8285E-07   -2.5259E-07
   966   -1.3676E-09   -2.5478E-10   -1.7782E-08
   967    6.9321E-09   -2.7227E-07   -3.5120E-07
   968    3.1802E-09   -8.1519E-09   -1.1663E-08
   969   -7.9421E-10   -1.2566E-09   -1.8568E-08
   970   -8.9674E-11   -2.5975E-09   -1.8223E-08
   971   -7.7470E-10   -7.4835E-10   -9.1792E-10
   972    2.4368E-09   -1.0450E-08   -5.0768E-09
   973   -6.0138E-09    2.7145E-09   -1.7274E-09
   974    3.1039E-09   -8.1548E-09   -7.4053E-09
   975   -1.1410E-08    9.3191E-12   -3.9545E-10
   976    6.7322E-10   -4.1421E-09   -1.7398E-08
   977   -1.9454E-09    4.6644E-11   -1.0235E-08
   978   -8.8709E-09    8.3393E-10    1.2096E-09
   979   -2.2622E-09    2.5387E-10   -1.5816E-08
   980   -6.2098E-09    1.0334E-09    1.7921E-09
   981   -2.9168E-09    1.6626E-09   -2.5260E-09
   982   -3.7397E-09    2.0226E-09   -1.1838E-09
   983    7.5022E-09   -1.0666E-08   -1.8923E-07
   984   -4.4094E-09    6.2928E-10    1.9827E-09
   985   -2.4746E-09    5.0473E-10   -1.5873E-08
   986   -1.3059E-08   -4.6853E-10   -1.5719E-07
   987    3.1236E-09   -8.6045E-09   -4.1066E-09
   988    1.5611E-09   -5.6291E-09   -1.4922E-08
   989   -2.0955E-09    5.0031E-10   -1.6265E-08
   990   -1.9937E-09   -6.6817E-10    1.0625E-09
   991   -1.5694E-09    1.3423E-10   -1.6262E-08
   992   -1.1160E-09   -4.6981E-10   -1.7231E-08
   993    2.2352E-09   -6.5384E-09   -1.1352E-08
   994    5.5456E-10   -1.9020E-09   -1.5330E-09
   995   -2.4564E-09    2.4272E-09   -1.8814E-10
   996   -4.7573E-10   -1.5219E-09   -1.7532E-08
   997    3.7409E-09   -9.7388E-09   -2.5885E-09
   998   -9.6862E-09   -1.0862E-11    1.8881E-10
   999   -1.3248E-11   -2.5160E-09   -1.7071E-08
  1000   -6.8875E-09    4.5526E-10    1.6838E-09
  1001   -4.0025E-09    3.8989E-10    1.5873E-09
  1002    2.5910E-09   -7.0519E-09   -8.1395E-09
  1003   -1.4430E-09    1.2069E-09   -1.3918E-09
  1004    4.7286E-10   -3.5496E-09   -1.6140E-08
  1005   -1.8424E-09   -3.7991E-10   -2.8834E-10
  1006    1.7120E-09   -1.1598E-08   -1.3336E-07
  1007   -2.0826E-09    3.1115E-10   -1.5945E-08
  1008   -1.6272E-09   -8.1742E-11   -1.0299E-08
  1009   -4.3949E-09    2.2449E-09   -1.3153E-07
  1010   -2.3488E-09    6.2760E-10   -1.6180E-08
  1011   -1.2010E-09    4.5567E-10   -2.1016E-09
  1012    2.6883E-09   -7.5305E-09   -5.3675E-09
  1013    1.0534E-09   -4.5117E-09   -1.3867E-08
  1014   -2.1388E-09    7.0759E-10   -1.6558E-08
  1015   -1.0138E-09   -1.6620E-10   -2.0421E-09
  1016   -1.6856E-09   -1.8245E-10    3.0670E-10
  1017   -1.4987E-09    1.9644E-10   -1.6667E-08
  1018   -7.7781E-09   -3.5008E-11    5.2925E-10
  1019    1.6874E-09   -5.3410E-09   -1.1011E-08
  1020    4.4950E-11    2.0951E-09   -1.0804E-09
  1021   -4.9736E-09    1.1042E-10    1.7194E-09
  1022   -1.0292E-09   -4.3557E-10   -1.6782E-08
  1023    2.1779E-09   -8.0910E-09   -2.7574E-09
  1024   -2.1772E-09   -1.3629E-10    9.4035E-10
  1025   -5.7462E-10   -1.2311E-09   -1.6736E-08
  1026    2.0479E-09   -5.8699E-09   -8.3423E-09
  1027   -3.2365E-11   -2.1981E-09   -1.6202E-08
  1028   -1.0244E-09    2.8822E-11   -3.7622E-09
  1029   -8.5398E-10   -6.2920E-10   -3.4155E-10
  1030   -4.3759E-10    1.2763E-09   -1.2403E-09
  1031   -1.7975E-10   -9.4168E-09   -1.3146E-07
  1032    2.8983E-10   -2.9670E-09   -1.4917E-08
  1033   -7.8508E-09    9.2992E-10   -1.3328E-07
  1034   -1.7878E-09    2.7141E-10   -1.6039E-08
  1035   -1.3136E-09   -1.6777E-10   -1.0476E-08
  1036   -2.2249E-09    7.5932E-10   -1.6560E-08
  1037    2.1663E-09   -6.3120E-09   -6.0599E-09
  1038    6.4996E-10   -3.6012E-09   -1.2881E-08
  1039   -1.9584E-09    7.1849E-10   -1.6846E-08
  1040   -6.0077E-09   -5.0145E-11    6.5964E-10
  1041   -4.0477E-10   -4.6267E-10   -1.8873E-09
  1042   -3.7437E-10    6.4023E-10   -1.1805E-09
  1043   -3.3618E-09   -1.7424E-10    1.4997E-09
  1044   -1.5219E-09    3.7122E-10   -1.7059E-08
  1045    2.3987E-09   -6.6644E-09   -3.1265E-09
  1046   -9.7647E-10    2.4016E-09   -1.4763E-09
  1047    1.1357E-09   -4.2413E-09   -1.0771E-08
  1048   -9.4425E-10   -4.5092E-10    3.9653E-10
  1049   -1.0392E-09   -2.4778E-10   -1.6552E-08
  1050   -5.2707E-10   -1.0454E-09   -1.6280E-08
  1051   -2.9080E-10   -1.2140E-10   -2.6388E-09
  1052   -1.8441E-10   -6.4357E-10   -1.2782E-09
  1053    1.5286E-09   -4.7743E-09   -8.5178E-09
  1054   -3.1934E-11   -1.8735E-09   -1.5499E-08
  1055   -4.5034E-10   -8.8338E-09   -1.3126E-07
  1056   -1.7908E-10    1.2689E-09   -2.4436E-09
  1057   -7.1441E-09   -3.6135E-10   -1.3325E-07
  1058    1.6947E-10   -2.4244E-09   -1.4255E-08
  1059   -1.4058E-09    1.6706E-10   -1.6192E-08
  1060   -1.0320E-09   -1.9091E-10   -1.0788E-08
  1061   -4.4329E-09   -4.6819E-11    5.9234E-10
  1062    1.7835E-09   -5.2465E-09   -6.1787E-09
  1063   -1.7701E-09    5.8423E-10   -1.6876E-08
  1064   -2.1057E-09   -3.2954E-10    1.0361E-09
  1065    6.6287E-11   -5.0594E-10   -2.3507E-09
  1066    3.5695E-10   -2.8061E-09   -1.2561E-08
  1067   -1.5623E-09    5.4426E-10   -1.6789E-08
  1068    3.8608E-11    5.2518E-10   -2.4281E-09
  1069   -2.2283E-10   -5.6798E-10   -3.1031E-10
  1070   -1.1669E-09    2.1462E-10   -1.6561E-08
  1071   -1.3144E-10    2.3586E-09   -1.7310E-09
  1072    1.7417E-09   -5.6554E-09   -3.3226E-09
  1073    7.3645E-10   -3.3255E-09   -1.0576E-08
  1074   -7.6435E-10   -2.9613E-10   -1.6347E-08
  1075    2.9475E-10   -6.4291E-10   -1.6991E-09
  1076   -4.0689E-10   -8.8559E-10   -1.5786E-08
  1077    1.7465E-10   -6.9281E-11   -2.8035E-09
  1078    1.1330E-09   -3.8521E-09   -8.4506E-09
  1079   -6.7294E-11   -6.8964E-09   -1.3291E-07
  1080   -1.4446E-10   -1.4012E-09   -1.5013E-08
  1081   -1.5427E-10    1.3339E-09   -2.7252E-09
  1082   -3.0913E-09   -2.3265E-11    3.6527E-10
  1083   -8.4695E-09   -1.2293E-09   -1.3510E-07
  1084    1.1829E-10   -1.9301E-09   -1.3721E-08
  1085   -1.2024E-09   -3.7331E-10    3.7573E-10
  1086   -9.5031E-10    6.4540E-12   -1.6161E-08
  1087   -8.0287E-10   -1.3215E-10   -1.0857E-08
  1088    3.4732E-10   -4.9243E-10   -2.6263E-09
  1089    1.3604E-09   -4.3094E-09   -6.0455E-09
  1090   -1.2250E-09    3.1887E-10   -1.6756E-08
  1091    2.7860E-10   -2.2683E-09   -1.2263E-08
  1092   -1.0766E-09    2.9220E-10   -1.6709E-08
  1093    2.0999E-10   -5.3247E-10   -8.8306E-10
  1094    1.3941E-10    5.0941E-10   -3.0467E-09
  1095   -3.0393E-10    1.8287E-09   -1.4749E-09
  1096   -8.2306E-10    8.5889E-11   -1.6353E-08
  1097    1.6095E-09   -4.6634E-09   -3.2561E-09
  1098    5.9334E-10   -2.6930E-09   -1.0460E-08
  1099   -4.5042E-10   -3.6349E-10   -1.6411E-08
  1100    5.0184E-10   -5.7681E-10   -1.9266E-09
  1101    3.2794E-10   -6.7832E-11   -2.9950E-09
  1102   -1.7777E-10   -8.1037E-10   -1.5630E-08
  1103   -2.0466E-09   -2.6222E-12    5.9680E-11
  1104    1.3152E-09   -5.2176E-09   -1.3344E-07
  1105    8.8169E-10   -3.0886E-09   -8.3414E-09
  1106   -4.2480E-11    1.1991E-09   -2.6335E-09
  1107    9.8638E-12   -1.1831E-09   -1.4821E-08
  1108   -7.3398E-09   -1.6333E-09   -1.3625E-07
  1109   -5.6817E-10   -3.6804E-10   -2.4542E-10
  1110    4.6920E-10   -4.2281E-10   -2.6858E-09
  1111    8.7286E-11   -1.4419E-09   -1.3669E-08
  1112    1.0684E-09   -3.4311E-09   -5.9939E-09
  1113   -6.6352E-10    2.7471E-11   -1.6366E-08
  1114   -5.4608E-10   -8.5792E-11   -1.0967E-08
  1115    5.0546E-10   -5.1800E-10   -1.2991E-09
  1116   -8.5744E-10    2.4460E-10   -1.6455E-08
  1117    1.1672E-10    5.1675E-10   -3.0361E-09
  1118   -7.4284E-10    2.0755E-10   -1.6641E-08
  1119    2.1309E-10   -1.7120E-09   -1.2010E-08
  1120    3.3151E-13    1.4040E-09   -1.4151E-09
  1121   -5.1722E-10    1.7039E-11   -1.6412E-08
  1122    1.1834E-09   -3.7686E-09   -3.2051E-09
  1123    5.9489E-10   -5.1605E-10   -2.1970E-09
  1124    4.4196E-10   -2.0368E-09   -1.0226E-08
  1125   -3.2332E-10   -2.3196E-10   -1.6247E-08
  1126   -1.2894E-09    8.4458E-12   -2.4532E-10
  1127    3.0478E-10   -3.1137E-11   -2.9624E-09
  1128   -8.1556E-11   -5.8007E-10   -1.5360E-08
  1129   -2.9976E-11    9.1277E-10   -2.3294E-09
  1130    1.6166E-09   -3.7624E-09   -1.3616E-07
  1131   -1.3889E-10   -3.4518E-10   -7.3068E-10
  1132   -5.2023E-09   -1.2117E-09   -1.3603E-07
  1133    6.8295E-10   -2.3515E-09   -8.2546E-09
  1134    4.7765E-11   -8.2898E-10   -1.4630E-08
  1135    4.7809E-10   -3.6289E-10   -2.6979E-09
  1136    2.8109E-11   -9.4135E-10   -1.3517E-08
  1137    6.1913E-10   -4.6634E-10   -1.6889E-09
  1138    8.4023E-10   -2.6672E-09   -5.8832E-09
  1139    6.9817E-11    4.4327E-10   -2.7974E-09
  1140   -2.6571E-10   -5.8043E-11   -1.6455E-08
  1141   -2.0653E-10   -1.1549E-10   -1.1177E-08
  1142   -4.2003E-10    1.0864E-10   -1.6225E-08
  1143   -5.7260E-11    9.3624E-10   -1.2460E-09
  1144   -4.0578E-10    1.3250E-10   -1.6109E-08
  1145    2.2117E-10   -1.2143E-09   -1.1709E-08
  1146   -3.7393E-10    1.1932E-10   -1.6091E-08
  1147   -7.3827E-10    2.0460E-11   -5.2770E-10
  1148    9.4718E-10   -2.8402E-09   -3.0875E-09
  1149    6.2225E-10   -4.7139E-10   -2.4140E-09
  1150   -2.8905E-10    3.8414E-12   -1.5895E-08
  1151    3.6293E-10   -1.4219E-09   -1.0053E-08
  1152    2.3179E-10   -7.1784E-12   -2.8597E-09
  1153    1.2684E-10   -2.9864E-10   -1.1664E-09
  1154   -1.9889E-10   -1.2927E-10   -1.5253E-08
  1155   -9.7449E-12    6.5102E-10   -2.1610E-09
  1156    1.5344E-09   -2.7152E-09   -1.3538E-07
  1157   -3.2069E-09   -8.5466E-10   -1.3541E-07
  1158    4.5372E-10   -1.5849E-09   -8.1329E-09
  1159   -6.2701E-11   -3.3391E-10   -1.4470E-08
  1160    4.0953E-10   -2.9469E-10   -2.7274E-09
  1161    6.6369E-10   -4.4114E-10   -1.9828E-09
  1162    1.0133E-10   -5.7812E-10   -1.3264E-08
  1163    2.6591E-11    3.2757E-10   -2.6026E-09
  1164    6.0297E-10   -1.8037E-09   -5.7410E-09
  1165    2.5774E-11    5.9712E-10   -1.2071E-09
  1166    0.0000E+00    0.0000E+00   -1.6422E-08
  1167    4.9986E-11   -4.6952E-11   -2.1356E-08
  1168    3.5192E-11   -3.4228E-11   -2.1045E-08
  1169   -3.2489E-10    2.0970E-11   -8.0020E-10
  1170    2.0641E-10   -6.9942E-10   -1.1716E-08
  1171   -1.0473E-11   -4.4038E-13   -2.0756E-08
  1172    5.7624E-10   -4.1918E-10   -2.5762E-09
  1173    6.0232E-10   -1.9051E-09   -3.1013E-09
  1174   -1.4281E-10    1.1075E-10   -2.0375E-08
  1175    1.3798E-10    1.8525E-11   -2.7964E-09
  1176    2.5519E-10   -8.0920E-10   -1.0162E-08
  1177   -1.1019E-10    4.5028E-11   -1.9653E-08
  1178    2.6095E-10   -2.3765E-10   -1.5364E-09
  1179   -2.8739E-11    4.2413E-10   -2.0290E-09
  1180   -8.1546E-11   -1.9643E-11   -1.8824E-08
  1181    1.1256E-09   -1.7334E-09   -1.3477E-07
  1182   -1.2677E-09   -2.2777E-10   -1.3318E-07
  1183    2.6957E-10   -8.5756E-10   -8.1534E-09
  1184   -3.8509E-11   -1.2298E-10   -1.7641E-08
  1185    6.1088E-10   -3.6037E-10   -2.1863E-09
  1186    3.2343E-10   -2.3179E-10   -2.7546E-09
  1187   -2.2997E-12    2.1911E-10   -2.4739E-09
  1188    1.2483E-10   -3.4630E-10   -1.6142E-08
  1189    3.1449E-10   -9.2444E-10   -5.7522E-09
  1190   -7.8634E-11    3.5363E-11   -1.0082E-09
  1191   -5.5515E-12    3.3275E-10   -1.1648E-09
  1192    9.0035E-11   -3.4681E-10   -1.4511E-08
  1193    4.7679E-10   -3.2824E-10   -2.6308E-09
  1194    3.2673E-10   -9.8500E-10   -3.0943E-09
  1195    3.2804E-10   -1.8571E-10   -1.8437E-09
  1196    7.9835E-11    1.0878E-11   -2.7057E-09
  1197    8.1736E-11   -4.2423E-10   -1.2345E-08
  1198   -2.0606E-11    2.4413E-10   -1.9776E-09
  1199    1.9914E-09   -1.5059E-10   -1.3343E-07
  1200   -8.0402E-10   -2.0616E-10   -1.3600E-07
  1201    1.0569E-10   -4.8664E-10   -9.9437E-09
  1202    5.0555E-10   -2.6287E-10   -2.3566E-09
  1203    2.2929E-10   -1.6247E-10   -2.7599E-09
  1204   -1.2561E-11    1.2659E-10   -2.4171E-09
  1205    8.3509E-11    3.7707E-11   -1.2020E-09
  1206    3.8278E-11   -4.4149E-10   -7.1043E-09
  1207    8.0741E-12    1.5120E-10   -1.1467E-09
  1208    3.4953E-10   -2.2446E-10   -2.6324E-09
  1209    3.1532E-10   -1.2666E-10   -2.0733E-09
  1210    1.0582E-11   -4.8280E-10   -3.6081E-09
  1211    3.0553E-11    1.6137E-11   -2.6688E-09
  1212   -4.6007E-12    9.8935E-11   -1.9216E-09
  1213    0.0000E+00   -4.7697E-10   -1.9421E-07
  1214    4.0784E-10   -1.9631E-10   -2.4049E-09
  1215    0.0000E+00    9.5779E-11   -2.0201E-07
  1216    1.2219E-10   -8.1213E-11   -2.7427E-09
  1217    3.6445E-13    4.6936E-11   -2.4063E-09
  1218    1.4751E-10    4.4300E-11   -1.3300E-09
  1219   -7.0584E-13    6.8555E-11   -1.1555E-09
  1220    2.6012E-10   -7.1486E-11   -2.1895E-09
  1221    2.3533E-10   -1.4733E-10   -2.6455E-09
  1222    1.4773E-11    2.1772E-12   -2.6858E-09
  1223    4.6139E-12    4.6586E-11   -2.2014E-09
  1224    2.9539E-10   -1.4286E-10   -2.4700E-09
  1225    7.5777E-11   -5.9355E-11   -2.7755E-09
  1226    1.5020E-10    4.8552E-11   -1.4282E-09
  1227    5.5088E-12    1.0901E-11   -2.8270E-09
  1228    1.3519E-10   -9.0149E-11   -2.7217E-09
  1229    2.1607E-10   -7.0359E-11   -2.2583E-09
  1230    1.3235E-11   -1.7261E-11   -3.2351E-09
  1231    1.5440E-10   -7.5855E-11   -2.5580E-09
  1232    1.4813E-11   -3.7019E-11   -3.4578E-09
  1233    1.3208E-10    2.4074E-11   -1.4499E-09
  1234    8.7095E-12   -3.9560E-11   -3.4472E-09
  1235    1.4282E-10   -6.5302E-11   -2.3762E-09
  1236    1.2136E-11   -4.2049E-11   -3.3532E-09
  1237    9.0707E-11   -6.5251E-12   -1.5449E-09
  1238    7.1227E-12   -2.6629E-11   -3.2544E-09
  1239    0.0000E+00    0.0000E+00   -2.3802E-09
