119.000000 20.500000 34.943000 2.307110 96.65 82.99 0.004341 353.78 1.57 -0.026029 263.59 6.83 7
119.000000 21.000000 35.069500 1.846191 205.24 75.20 0.000988 90.45 6.32 -1.881016 358.95 13.32 7
119.000000 21.500000 34.994000 1.093455 124.18 73.43 0.040102 90.30 13.87 -2.243590 182.51 8.88 7
119.000000 22.000000 36.139500 6.938860 326.93 1.77 0.823575 57.31 12.08 -0.112662 48.70 77.79 8
119.000000 22.500000 38.094000 1.019719 282.44 1.31 -0.024327 12.17 11.67 -0.042350 198.73 78.25 8
119.000000 23.000000 38.176000 4.898962 328.95 23.47 -1.848006 122.46 64.12 -6.377494 234.43 10.29 6
119.000000 23.500000 38.138000 0.417383 11.62 21.76 0.000539 192.64 68.23 -7.003795 281.76 0.35 7
119.000000 24.000000 38.140000 0.091208 16.29 1.95 0.009950 197.46 88.05 -1.021163 286.29 0.04 8
119.000000 24.500000 38.140000 0.119661 19.05 1.15 0.009177 22.45 88.85 -1.009074 289.05 0.07 8
119.000000 25.000000 38.205500 1.037986 21.25 1.12 0.073651 25.78 88.88 -7.226320 291.26 0.09 7
119.000000 25.500000 38.429000 7.920014 82.90 87.55 -0.137257 172.90 0.00 -0.151948 82.90 2.45 5
119.400000 20.500000 34.813000 5.275759 88.98 50.19 0.003936 180.08 0.92 -3.587112 90.84 39.79 7
119.400000 21.000000 34.861729 4.091424 74.52 38.94 0.057929 167.45 3.61 -1.940221 81.88 50.82 7
119.400000 21.500000 34.815985 7.587703 300.20 9.58 0.372526 201.51 41.84 -2.109428 40.47 46.57 7
119.400000 22.000000 35.508490 2.017766 109.73 2.23 -0.151497 101.42 87.74 -0.402484 199.71 0.33 8
119.400000 22.500000 37.979949 1.018955 105.34 6.06 -0.012615 14.27 9.95 -0.181496 46.22 78.32 8
119.400000 23.000000 38.115020 2.285403 346.81 1.03 -0.489429 253.61 72.15 -2.036588 77.14 17.82 7
119.400000 23.500000 38.138705 2.377171 9.27 4.80 -0.086066 12.92 85.19 -8.621346 279.30 0.30 7
119.400000 24.000000 38.129780 0.190761 196.72 4.70 0.009740 29.50 85.18 -1.132643 106.81 1.06 8
119.400000 24.500000 38.134640 0.096050 23.04 4.17 0.012421 37.35 85.70 -1.062169 113.11 1.06 8
119.400000 25.000000 38.190351 0.107123 47.03 85.45 -0.009681 34.76 4.45 -7.861442 124.83 0.96 7
119.400000 25.500000 38.193960 1.383570 243.95 4.00 0.097624 238.39 85.98 -6.411548 153.92 0.39 7
119.800000 20.500000 34.476440 5.755385 268.04 44.08 0.004980 178.65 0.63 -5.731205 269.30 45.91 7
119.800000 21.000000 34.317556 5.333745 258.77 12.56 -0.140642 168.17 2.68 -2.936278 246.32 77.15 7
119.800000 21.500000 34.628315 1.280287 99.38 8.21 -0.159735 187.53 12.62 -0.484374 221.64 74.87 8
119.800000 22.000000 36.226070 2.125060 106.09 15.46 -0.464393 191.61 15.76 -0.632480 58.33 67.63 8
119.800000 22.500000 36.702137 1.436047 296.66 17.35 -0.232696 26.71 0.14 -0.481711 297.15 72.65 8
119.800000 23.000000 37.998460 4.686564 164.63 11.73 -1.743872 52.97 60.64 -5.741151 80.57 26.49 7
119.800000 23.500000 38.096671 0.325400 12.26 1.86 -0.049007 236.45 87.40 -1.168291 282.32 1.81 8
119.800000 24.000000 38.114059 0.205756 22.60 1.15 0.012939 73.60 88.17 -1.355954 292.63 1.43 8
119.800000 24.500000 38.128701 0.072707 32.45 6.26 0.025506 193.88 83.40 -1.246703 302.22 2.08 8
119.800000 25.000000 38.140000 0.042673 228.06 32.31 0.013874 44.17 57.63 -1.069279 316.95 1.76 8
119.800000 25.500000 38.251320 0.245529 243.77 4.66 0.017743 237.63 85.32 -1.049664 153.73 0.50 8
120.200000 20.500000 33.667640 1.447648 84.20 6.35 0.008725 174.15 0.48 -5.934562 259.83 83.63 7
120.200000 21.000000 34.487699 1.107435 257.08 20.82 -0.113085 168.46 3.61 -0.874980 87.85 68.84 8
120.200000 21.500000 34.956900 2.269370 271.57 29.54 -0.314802 356.67 8.57 -0.949514 72.14 59.00 8
120.200000 22.000000 36.927717 3.276618 290.56 33.59 -0.566037 28.88 12.29 -0.865846 136.09 53.64 8
120.200000 22.500000 37.950819 2.461137 312.54 29.91 -0.360938 47.15 7.95 -0.748092 150.51 58.83 8
120.200000 23.000000 38.226860 0.986304 347.85 21.37 -0.358744 226.89 52.75 -1.475071 270.32 28.91 8
120.200000 23.500000 38.206295 0.358790 198.58 15.54 -0.125564 218.21 73.56 -1.728972 110.04 5.26 8
120.200000 24.000000 38.174783 0.175941 211.43 12.19 0.026080 203.91 77.71 -1.725239 121.10 1.56 8
120.200000 24.500000 38.105657 0.115044 223.88 38.38 0.031114 37.58 51.46 -1.585744 311.45 3.07 8
120.200000 25.000000 38.133346 0.141190 55.13 25.00 0.028193 227.85 64.82 -1.459248 323.82 2.80 8
120.200000 25.500000 38.143800 0.331252 244.27 4.65 0.031545 238.24 85.32 -1.457623 154.23 0.49 8
120.600000 20.500000 34.902960 0.821297 269.09 35.55 0.003186 179.45 0.51 -1.190195 270.16 54.44 8
120.600000 21.000000 36.442892 2.086064 266.11 36.63 -0.196844 0.95 6.47 -1.430635 99.48 52.61 8
120.600000 21.500000 36.441123 2.712561 275.63 45.78 -0.381908 7.37 1.69 -1.727337 279.01 44.17 8
120.600000 22.000000 37.756524 2.838780 305.38 42.69 -0.559824 26.79 9.20 -1.143396 287.19 45.84 8
120.600000 22.500000 38.220733 3.647261 152.43 32.82 -0.425965 197.22 47.74 -1.102037 258.69 23.47 8
120.600000 23.000000 38.965600 1.698861 176.52 28.85 -0.747102 46.99 49.13 -2.901996 282.27 26.23 8
120.600000 23.500000 39.397116 0.332606 206.85 26.53 -0.379294 226.58 62.06 -2.452946 120.94 8.14 8
120.600000 24.000000 38.400050 0.188901 221.11 27.81 -0.060624 38.27 62.16 -2.232592 310.49 1.17 8
120.600000 24.500000 38.167534 0.184937 50.35 29.09 -0.021288 224.31 60.78 -2.045430 318.92 2.57 8
120.600000 25.000000 38.112293 0.267633 60.35 28.04 0.039310 231.39 61.66 -1.909201 328.35 3.74 8
120.600000 25.500000 38.129160 0.387676 65.22 0.50 0.045393 232.45 89.49 -1.860099 335.22 0.11 8
121.000000 20.500000 35.865000 2.082051 270.12 54.45 -0.002845 177.17 2.10 -0.998193 85.67 35.47 8
121.000000 21.000000 35.977324 1.888300 290.80 50.47 -0.159319 19.28 1.26 -1.623590 288.24 39.50 8
121.000000 21.500000 36.995784 0.263050 191.71 35.56 -0.181156 3.30 54.15 -2.100496 278.85 4.00 8
121.000000 22.000000 36.791109 0.334898 204.51 17.34 -0.333401 177.10 70.63 -2.947190 111.88 8.38 8
121.000000 22.500000 37.557400 0.287679 38.15 0.52 -0.170693 310.47 77.23 -2.657646 308.03 12.76 8
121.000000 23.000000 41.729500 1.267419 187.37 50.74 -0.754079 210.86 36.86 -3.985456 291.98 11.65 8
121.000000 23.500000 43.179920 0.004827 217.03 43.71 -0.612265 224.87 46.02 -2.495747 310.79 3.93 8
121.000000 24.000000 39.947216 0.189305 48.75 42.65 -0.220508 47.62 47.34 -2.605580 318.23 0.57 8
121.000000 24.500000 40.550444 0.308734 54.57 31.40 -0.171463 233.62 58.60 -2.505536 324.31 0.42 8
121.000000 25.000000 38.187750 0.413042 63.93 17.87 -0.052005 234.32 71.89 -2.380807 333.01 2.83 8
121.000000 25.500000 38.122000 0.447602 66.68 14.23 -0.016306 61.82 75.72 -2.254278 336.38 1.16 8
121.400000 20.500000 33.999600 0.782612 96.85 79.48 0.025773 6.99 0.03 -1.307612 277.00 10.52 8
121.400000 21.000000 34.429246 0.072777 43.76 65.78 -0.019090 20.47 22.45 -3.850450 114.06 8.63 8
121.400000 21.500000 35.247136 0.042430 39.95 68.26 -0.333750 22.48 20.82 -3.090018 294.76 5.96 8
121.400000 22.000000 35.570485 -0.013500 217.40 37.41 -0.231331 22.64 51.66 -2.775575 301.84 7.21 8
121.400000 22.500000 36.552623 0.370542 47.88 47.82 0.100492 32.30 41.11 -3.715169 129.17 7.81 8
121.400000 23.000000 37.787580 0.324602 207.08 63.92 -0.909020 31.22 26.03 -4.249658 300.42 1.63 8
121.400000 23.500000 38.436110 -0.145680 72.90 78.60 -0.483499 43.26 9.94 -3.210802 314.23 5.52 8
121.400000 24.000000 40.238982 -0.102943 54.37 2.37 -0.246273 165.09 83.33 -2.952168 144.11 6.23 8
121.400000 24.500000 40.761526 0.317838 58.54 5.58 -0.440865 59.68 84.42 -2.779312 328.55 0.11 8
121.400000 25.000000 38.386565 0.809280 68.51 0.27 -0.255587 312.04 89.38 -2.681932 338.51 0.55 8
121.400000 25.500000 38.082000 0.663921 67.39 25.10 -0.226800 239.04 64.67 -3.006758 155.88 3.23 8
121.800000 20.500000 37.183000 0.269531 216.74 10.02 -0.008362 197.59 79.41 -1.022323 126.14 3.40 9
121.800000 21.000000 36.651185 -0.096259 35.00 14.91 -0.218297 215.58 75.09 -3.293961 305.04 0.14 8
121.800000 21.500000 35.647837 -0.028101 209.60 61.79 -0.417805 30.06 28.21 -2.838152 299.96 0.19 8
121.800000 22.000000 33.959069 0.143782 28.28 50.13 -0.279424 212.78 39.78 -3.143041 300.94 2.22 8
121.800000 22.500000 32.952364 0.413886 213.44 11.03 0.002407 42.67 78.82 -4.117221 123.78 1.75 8
121.800000 23.000000 33.328795 0.371225 212.74 34.83 -0.067646 31.33 55.16 -4.283983 302.28 0.66 8
121.800000 23.500000 34.187883 0.339762 39.14 39.53 -0.251509 226.22 50.25 -3.729403 312.02 3.49 8
121.800000 24.000000 35.474966 0.993418 48.04 31.12 -0.587078 242.94 58.00 -3.907884 322.11 6.70 8
121.800000 24.500000 38.988982 2.284487 57.00 42.12 -0.677346 56.92 47.88 -4.318614 326.96 0.04 8
121.800000 25.000000 38.881243 5.539560 311.01 78.48 3.753396 82.95 7.76 -8.215137 174.11 8.47 7
121.800000 25.500000 37.980120 0.868772 8.58 2.06 -0.023024 189.05 87.94 -2.842640 278.58 0.02 8
122.200000 20.500000 34.758360 1.141639 238.60 11.65 -0.208476 223.70 77.96 -3.030513 147.98 3.01 8
122.200000 21.000000 34.406217 -0.035736 218.26 66.53 -0.156752 214.67 23.43 -2.620562 125.23 1.31 8
122.200000 21.500000 32.771767 0.076616 208.20 63.02 -0.305778 24.46 26.93 -2.905837 295.22 1.51 8
122.200000 22.000000 32.568698 0.124349 205.92 43.32 -0.125331 24.45 46.67 -3.591636 295.23 0.73 8
122.200000 22.500000 32.490029 0.578793 29.13 5.57 -0.024536 25.06 84.42 -4.565648 299.09 0.39 8
122.200000 23.000000 32.274178 0.769728 33.38 3.55 -0.117193 30.26 86.44 -4.643842 303.37 0.19 8
122.200000 23.500000 32.872497 0.969092 38.16 19.29 -0.349276 48.26 70.43 -4.168137 309.27 3.18 8
122.200000 24.000000 34.711521 1.595246 42.21 37.60 -0.483443 50.76 52.09 -4.145796 315.41 4.15 8
122.200000 24.500000 37.620535 1.097624 81.12 50.51 -0.002564 69.47 38.91 -0.846708 344.12 5.74 8
122.200000 25.000000 37.265165 1.634805 298.57 3.49 0.449291 26.08 35.45 -0.410165 213.44 54.33 8
122.200000 25.500000 37.949320 4.040171 342.51 0.40 -0.203007 64.55 87.10 -3.359540 72.53 2.87 8
122.600000 20.500000 34.279120 0.479890 61.40 9.70 -0.046369 232.99 80.19 -1.730637 331.16 1.41 8
122.600000 21.000000 32.738631 -0.000728 358.79 87.47 -0.061435 208.77 2.19 -2.152532 118.72 1.26 8
122.600000 21.500000 32.980800 0.038045 203.41 59.47 -0.034643 199.84 30.48 -2.952350 110.76 1.57 8
122.600000 22.000000 32.640728 0.130939 200.44 16.75 -0.007541 16.00 73.20 -3.886597 110.07 1.23 8
122.600000 22.500000 32.322333 0.888878 205.07 0.55 -0.040250 322.15 88.80 -5.415558 115.06 1.07 8
122.600000 23.000000 31.618400 0.988729 35.09 5.91 -0.218920 25.34 84.00 -4.793346 304.98 1.01 8
122.600000 23.500000 33.743436 1.277153 34.90 26.16 -0.510388 47.28 63.30 -4.229404 307.35 4.96 8
122.600000 24.000000 33.920676 1.700012 34.29 44.58 -0.066449 235.82 43.35 -3.774213 315.29 10.96 8
122.600000 24.500000 37.434721 3.096875 105.66 21.98 0.151753 333.65 58.91 -1.504341 24.50 20.84 8
122.600000 25.000000 36.549398 5.856701 316.79 2.03 0.157599 47.73 24.73 -0.446364 222.39 65.17 8
122.600000 25.500000 37.588680 1.341294 333.69 0.02 -0.021929 73.06 89.86 -0.615680 63.69 0.14 9
123.000000 20.500000 31.924000 0.242513 37.43 25.91 -0.013726 127.43 0.00 -1.099215 217.43 64.09 6
123.000000 21.000000 32.306500 0.238277 18.97 10.90 0.004400 201.47 79.09 -2.026692 289.06 0.47 8
123.000000 21.500000 33.105000 0.286958 17.32 6.46 0.056965 198.58 83.54 -3.003959 287.34 0.14 8
123.000000 22.000000 34.539000 0.355444 17.08 0.03 0.141817 82.55 89.93 -3.933141 287.08 0.06 8
123.000000 22.500000 34.156000 0.561751 15.57 20.48 0.102423 16.81 69.51 -7.116157 285.72 0.41 8
123.000000 23.000000 32.266500 1.084042 33.63 24.01 -0.453113 48.66 65.24 -4.263468 306.18 5.70 8
123.000000 23.500000 34.153000 1.765338 210.81 30.34 -1.519386 62.97 55.34 -4.547234 129.93 15.14 8
123.000000 24.000000 36.695000 2.428157 33.84 29.84 -0.969700 247.90 55.30 -4.766139 313.34 16.06 8
123.000000 24.500000 37.843000 6.924642 292.28 5.54 0.652493 36.90 68.99 -3.511281 20.23 20.20 8
123.000000 25.000000 36.303000 1.136008 301.28 2.14 -0.029909 48.40 82.76 -0.612434 31.02 6.91 9
123.000000 25.500000 37.202000 2.692058 160.77 0.00 -0.001702 66.99 89.98 -0.359538 250.77 0.02 10
