5 0 5. 0.20 0.23 -0.42 0.59 1.10 2.86 20 5 0
5 10 5. 0.30 0.49 -0.79 0.76 0.36 2.45 20 5 10
5 20 5. 0.33 0.42 -0.75 1.02 0.13 2.02 20 5 20
5 30 5. 0.24 0.22 -0.46 1.11 0.06 1.93 20 5 30
5 40 5. 0.12 0.07 -0.19 1.13 0.02 1.90 20 5 40
5 50 5. -0.01 -0.05 0.06 1.13 -0.01 1.93 20 5 50
5 60 5. -0.15 -0.15 0.30 1.09 -0.04 1.97 20 5 60
5 70 5. -0.31 -0.22 0.53 1.04 -0.07 2.02 20 5 70
5 80 5. -0.47 -0.29 0.75 1.00 -0.09 2.06 20 5 80
5 90 5. -0.63 -0.36 0.99 0.93 -0.11 2.09 20 5 90
5 100 5. -0.80 -0.44 1.24 0.86 -0.12 2.14 20 5 100
5 110 5. -0.96 -0.54 1.51 0.79 -0.13 2.20 20 5 110
5 120 5. -1.13 -0.65 1.78 0.72 -0.14 2.29 20 5 120
5 130 5. -1.30 -0.76 2.06 0.64 -0.15 2.42 20 5 130
5 140 5. -1.48 -0.86 2.35 0.56 -0.17 2.59 20 5 140
5 150 5. -1.67 -0.98 2.65 0.47 -0.18 2.81 20 5 150
5 160 5. -1.86 -1.10 2.97 0.39 -0.19 3.08 20 5 160
5 170 5. -2.06 -1.23 3.29 0.29 -0.21 3.41 20 5 170
5 180 5. -2.26 -1.35 3.61 0.20 -0.22 3.80 20 5 180
5 190 5. -2.45 -1.46 3.91 0.09 -0.23 4.27 20 5 190
5 200 5. -2.63 -1.55 4.17 -0.01 -0.24 4.78 20 5 200
5 210 5. -2.78 -1.61 4.39 -0.12 -0.24 5.33 20 5 210
5 220 5. -2.89 -1.64 4.53 -0.22 -0.25 5.88 20 5 220
5 230 5. -2.95 -1.63 4.58 -0.30 -0.25 6.39 20 5 230
5 240 5. -2.95 -1.57 4.52 -0.37 -0.24 6.85 20 5 240
5 250 5. -2.90 -1.47 4.37 -0.42 -0.22 7.22 20 5 250
5 260 5. -2.78 -1.34 4.12 -0.45 -0.20 7.47 20 5 260
5 270 5. -2.62 -1.18 3.80 -0.46 -0.17 7.59 20 5 270
5 280 5. -2.42 -1.01 3.43 -0.43 -0.14 7.58 20 5 280
5 290 5. -2.20 -0.84 3.04 -0.38 -0.12 7.45 20 5 290
5 300 5. -1.98 -0.68 2.66 -0.31 -0.09 7.23 20 5 300
5 310 5. -1.75 -0.55 2.31 -0.23 -0.07 6.97 20 5 310
5 320 5. -1.54 -0.44 1.98 -0.15 -0.06 6.68 20 5 320
5 330 5. -1.33 -0.36 1.69 -0.07 -0.05 6.38 20 5 330
5 340 5. -1.15 -0.29 1.44 0.00 -0.04 6.12 20 5 340
5 350 5. -0.98 -0.25 1.23 0.07 -0.04 5.89 20 5 350
5 360 5. -0.82 -0.23 1.05 0.12 -0.04 5.72 20 5 360
5 370 5. -0.66 -0.24 0.90 0.15 -0.05 5.62 20 5 370
5 380 5. -0.50 -0.26 0.76 0.15 -0.06 5.63 20 5 380
5 390 5. -0.29 -0.22 0.52 0.13 -0.09 5.85 20 5 390
5 400 5. -0.16 -0.08 0.24 0.11 -0.23 6.05 20 5 400
15 0 5. 0.13 0.25 -0.37 0.16 1.53 4.08 20 15 0
15 10 5. 0.19 0.46 -0.64 0.17 0.37 3.25 20 15 10
15 20 5. 0.22 0.41 -0.64 0.19 0.07 2.67 20 15 20
15 30 5. 0.17 0.22 -0.40 0.20 0.04 2.69 20 15 30
15 40 5. 0.10 0.07 -0.16 0.20 0.01 2.70 20 15 40
15 50 5. -0.01 -0.05 0.06 0.19 -0.01 2.70 20 15 50
15 60 5. -0.13 -0.15 0.27 0.19 -0.02 2.69 20 15 60
15 70 5. -0.26 -0.22 0.48 0.18 -0.03 2.69 20 15 70
15 80 5. -0.40 -0.29 0.69 0.17 -0.04 2.69 20 15 80
15 90 5. -0.55 -0.38 0.93 0.16 -0.05 2.70 20 15 90
15 100 5. -0.70 -0.48 1.18 0.15 -0.06 2.73 20 15 100
15 110 5. -0.86 -0.59 1.45 0.13 -0.06 2.78 20 15 110
15 120 5. -1.02 -0.72 1.74 0.11 -0.07 2.84 20 15 120
15 130 5. -1.20 -0.85 2.05 0.09 -0.07 2.92 20 15 130
15 140 5. -1.38 -1.00 2.37 0.08 -0.07 3.03 20 15 140
15 150 5. -1.56 -1.15 2.71 0.07 -0.08 3.18 20 15 150
15 160 5. -1.75 -1.32 3.06 0.05 -0.08 3.39 20 15 160
15 170 5. -1.94 -1.49 3.43 0.03 -0.09 3.66 20 15 170
15 180 5. -2.13 -1.65 3.78 0.02 -0.09 4.00 20 15 180
15 190 5. -2.31 -1.79 4.10 -0.00 -0.09 4.40 20 15 190
15 200 5. -2.47 -1.89 4.36 -0.02 -0.09 4.83 20 15 200
15 210 5. -2.61 -1.95 4.55 -0.04 -0.10 5.28 20 15 210
15 220 5. -2.70 -1.94 4.64 -0.05 -0.09 5.72 20 15 220
15 230 5. -2.74 -1.89 4.64 -0.06 -0.09 6.14 20 15 230
15 240 5. -2.74 -1.78 4.52 -0.07 -0.08 6.51 20 15 240
15 250 5. -2.69 -1.62 4.31 -0.07 -0.07 6.80 20 15 250
15 260 5. -2.59 -1.42 4.01 -0.07 -0.06 6.99 20 15 260
15 270 5. -2.45 -1.20 3.65 -0.07 -0.05 7.08 20 15 270
15 280 5. -2.29 -0.97 3.27 -0.06 -0.03 7.09 20 15 280
15 290 5. -2.12 -0.76 2.88 -0.04 -0.02 7.02 20 15 290
15 300 5. -1.94 -0.59 2.52 -0.02 -0.01 6.90 20 15 300
15 310 5. -1.75 -0.44 2.19 -0.01 0.00 6.75 20 15 310
15 320 5. -1.56 -0.32 1.88 0.01 0.01 6.57 20 15 320
15 330 5. -1.37 -0.23 1.61 0.03 0.02 6.39 20 15 330
15 340 5. -1.20 -0.18 1.38 0.05 0.02 6.21 20 15 340
15 350 5. -1.03 -0.16 1.19 0.06 0.02 6.05 20 15 350
15 360 5. -0.86 -0.17 1.03 0.08 0.01 5.93 20 15 360
15 370 5. -0.68 -0.21 0.89 0.09 0.00 5.86 20 15 370
15 380 5. -0.50 -0.27 0.77 0.10 -0.02 5.87 20 15 380
15 390 5. -0.28 -0.26 0.54 0.09 -0.10 6.25 20 15 390
15 400 5. -0.15 -0.10 0.26 0.08 -0.42 6.64 20 15 400
25 0 5. 0.07 0.16 -0.24 0.04 2.03 5.32 20 25 0
25 10 5. 0.11 0.28 -0.39 0.04 0.45 3.87 20 25 10
25 20 5. 0.14 0.27 -0.41 0.02 0.07 2.99 20 25 20
25 30 5. 0.12 0.16 -0.28 0.01 0.03 3.00 20 25 30
25 40 5. 0.08 0.03 -0.11 0.00 0.01 3.04 20 25 40
25 50 5. 0.00 -0.07 0.06 -0.01 -0.00 3.06 20 25 50
25 60 5. -0.09 -0.14 0.23 -0.02 -0.02 3.06 20 25 60
25 70 5. -0.20 -0.21 0.41 -0.03 -0.03 3.06 20 25 70
25 80 5. -0.33 -0.27 0.60 -0.03 -0.04 3.04 20 25 80
25 90 5. -0.46 -0.36 0.81 -0.03 -0.05 3.02 20 25 90
25 100 5. -0.59 -0.46 1.05 -0.02 -0.06 3.00 20 25 100
25 110 5. -0.73 -0.59 1.32 -0.03 -0.07 3.00 20 25 110
25 120 5. -0.88 -0.72 1.60 -0.03 -0.08 3.01 20 25 120
25 130 5. -1.04 -0.88 1.92 -0.03 -0.08 3.05 20 25 130
25 140 5. -1.21 -1.05 2.26 -0.03 -0.09 3.12 20 25 140
25 150 5. -1.38 -1.24 2.62 -0.03 -0.10 3.23 20 25 150
25 160 5. -1.55 -1.45 3.00 -0.02 -0.10 3.41 20 25 160
25 170 5. -1.73 -1.67 3.40 -0.02 -0.11 3.65 20 25 170
25 180 5. -1.91 -1.88 3.79 -0.02 -0.12 3.98 20 25 180
25 190 5. -2.09 -2.06 4.14 -0.03 -0.12 4.37 20 25 190
25 200 5. -2.25 -2.18 4.43 -0.03 -0.12 4.81 20 25 200
25 210 5. -2.39 -2.24 4.63 -0.02 -0.12 5.27 20 25 210
25 220 5. -2.48 -2.24 4.72 -0.02 -0.12 5.71 20 25 220
25 230 5. -2.54 -2.16 4.70 -0.01 -0.12 6.14 20 25 230
25 240 5. -2.55 -2.02 4.57 -0.01 -0.11 6.52 20 25 240
25 250 5. -2.52 -1.81 4.32 -0.00 -0.10 6.82 20 25 250
25 260 5. -2.44 -1.56 4.00 0.00 -0.09 7.03 20 25 260
25 270 5. -2.34 -1.27 3.61 0.01 -0.08 7.14 20 25 270
25 280 5. -2.20 -0.99 3.20 0.01 -0.07 7.15 20 25 280
25 290 5. -2.06 -0.74 2.79 0.02 -0.05 7.10 20 25 290
25 300 5. -1.90 -0.53 2.43 0.03 -0.04 6.99 20 25 300
25 310 5. -1.74 -0.37 2.11 0.03 -0.03 6.89 20 25 310
25 320 5. -1.58 -0.23 1.81 0.04 -0.01 6.72 20 25 320
25 330 5. -1.42 -0.15 1.56 0.05 -0.00 6.56 20 25 330
25 340 5. -1.24 -0.10 1.34 0.06 0.00 6.40 20 25 340
25 350 5. -1.07 -0.09 1.16 0.07 0.00 6.26 20 25 350
25 360 5. -0.89 -0.12 1.01 0.08 0.00 6.16 20 25 360
25 370 5. -0.70 -0.18 0.88 0.09 -0.01 6.09 20 25 370
25 380 5. -0.50 -0.26 0.76 0.09 -0.02 6.11 20 25 380
25 390 5. -0.28 -0.26 0.55 0.08 -0.17 6.73 20 25 390
25 400 5. -0.15 -0.11 0.27 0.08 -0.72 7.44 20 25 400
35 0 5. 0.04 0.10 -0.14 0.02 2.30 5.97 20 35 0
35 10 5. 0.07 0.14 -0.21 0.02 0.48 4.07 20 35 10
35 20 5. 0.10 0.12 -0.23 0.01 0.06 2.98 20 35 20
35 30 5. 0.10 0.06 -0.16 -0.00 0.00 2.93 20 35 30
35 40 5. 0.08 -0.02 -0.06 -0.01 -0.00 2.95 20 35 40
35 50 5. 0.02 -0.08 0.06 -0.03 -0.01 2.97 20 35 50
35 60 5. -0.05 -0.13 0.18 -0.03 -0.02 2.97 20 35 60
35 70 5. -0.14 -0.18 0.33 -0.04 -0.03 2.96 20 35 70
35 80 5. -0.24 -0.24 0.48 -0.04 -0.04 2.93 20 35 80
35 90 5. -0.35 -0.31 0.66 -0.03 -0.05 2.89 20 35 90
35 100 5. -0.46 -0.42 0.88 -0.03 -0.07 2.86 20 35 100
35 110 5. -0.58 -0.55 1.13 -0.04 -0.07 2.84 20 35 110
35 120 5. -0.72 -0.69 1.41 -0.04 -0.08 2.84 20 35 120
35 130 5. -0.86 -0.85 1.72 -0.04 -0.09 2.85 20 35 130
35 140 5. -1.01 -1.04 2.06 -0.04 -0.10 2.90 20 35 140
35 150 5. -1.17 -1.26 2.43 -0.03 -0.10 3.00 20 35 150
35 160 5. -1.32 -1.50 2.82 -0.03 -0.11 3.16 20 35 160
35 170 5. -1.48 -1.76 3.25 -0.03 -0.12 3.42 20 35 170
35 180 5. -1.65 -2.02 3.67 -0.03 -0.14 3.77 20 35 180
35 190 5. -1.83 -2.25 4.08 -0.03 -0.14 4.23 20 35 190
35 200 5. -2.00 -2.41 4.41 -0.03 -0.14 4.74 20 35 200
35 210 5. -2.15 -2.50 4.66 -0.03 -0.14 5.29 20 35 210
35 220 5. -2.27 -2.51 4.78 -0.02 -0.14 5.83 20 35 220
35 230 5. -2.35 -2.44 4.79 -0.02 -0.14 6.36 20 35 230
35 240 5. -2.38 -2.27 4.65 -0.01 -0.14 6.84 20 35 240
35 250 5. -2.37 -2.02 4.39 -0.01 -0.13 7.21 20 35 250
35 260 5. -2.32 -1.71 4.02 -0.00 -0.11 7.47 20 35 260
35 270 5. -2.23 -1.36 3.59 0.00 -0.10 7.59 20 35 270
35 280 5. -2.12 -1.02 3.14 0.01 -0.08 7.57 20 35 280
35 290 5. -1.99 -0.72 2.71 0.02 -0.06 7.47 20 35 290
35 300 5. -1.85 -0.49 2.34 0.03 -0.06 7.34 20 35 300
35 310 5. -1.71 -0.30 2.01 0.02 -0.04 7.21 20 35 310
35 320 5. -1.57 -0.15 1.72 0.04 -0.03 7.00 20 35 320
35 330 5. -1.42 -0.06 1.49 0.05 -0.02 6.81 20 35 330
35 340 5. -1.26 -0.01 1.27 0.05 -0.01 6.62 20 35 340
35 350 5. -1.08 -0.02 1.09 0.07 -0.01 6.46 20 35 350
35 360 5. -0.90 -0.05 0.96 0.08 -0.01 6.34 20 35 360
35 370 5. -0.71 -0.13 0.84 0.09 -0.01 6.26 20 35 370
35 380 5. -0.50 -0.23 0.73 0.09 -0.03 6.30 20 35 380
35 390 5. -0.29 -0.25 0.54 0.09 -0.24 7.20 20 35 390
35 400 5. -0.16 -0.11 0.27 0.08 -1.06 8.31 20 35 400
45 0 5. 0.03 0.05 -0.08 0.00 2.47 6.30 20 45 0
45 10 5. 0.06 0.07 -0.13 0.02 0.48 4.11 20 45 10
45 20 5. 0.10 0.04 -0.14 0.01 0.06 2.95 20 45 20
45 30 5. 0.11 -0.01 -0.10 -0.01 0.02 2.84 20 45 30
45 40 5. 0.10 -0.06 -0.03 -0.01 -0.01 2.85 20 45 40
45 50 5. 0.06 -0.10 0.04 -0.03 -0.02 2.86 20 45 50
45 60 5. 0.00 -0.13 0.13 -0.03 -0.03 2.86 20 45 60
45 70 5. -0.07 -0.17 0.24 -0.03 -0.03 2.84 20 45 70
45 80 5. -0.15 -0.20 0.36 -0.04 -0.04 2.80 20 45 80
45 90 5. -0.23 -0.26 0.49 -0.02 -0.05 2.76 20 45 90
45 100 5. -0.32 -0.37 0.69 -0.03 -0.07 2.71 20 45 100
45 110 5. -0.42 -0.50 0.93 -0.03 -0.08 2.66 20 45 110
45 120 5. -0.54 -0.65 1.19 -0.04 -0.09 2.63 20 45 120
45 130 5. -0.67 -0.82 1.49 -0.03 -0.10 2.62 20 45 130
45 140 5. -0.81 -1.03 1.84 -0.03 -0.10 2.64 20 45 140
45 150 5. -0.94 -1.27 2.21 -0.03 -0.11 2.72 20 45 150
45 160 5. -1.08 -1.54 2.61 -0.02 -0.12 2.88 20 45 160
45 170 5. -1.22 -1.83 3.06 -0.02 -0.13 3.13 20 45 170
45 180 5. -1.38 -2.16 3.54 -0.02 -0.15 3.51 20 45 180
45 190 5. -1.56 -2.44 4.00 -0.04 -0.16 4.04 20 45 190
45 200 5. -1.74 -2.64 4.38 -0.04 -0.16 4.64 20 45 200
45 210 5. -1.90 -2.77 4.68 -0.03 -0.16 5.29 20 45 210
45 220 5. -2.04 -2.82 4.86 -0.02 -0.17 5.97 20 45 220
45 230 5. -2.13 -2.75 4.88 -0.02 -0.17 6.65 20 45 230
45 240 5. -2.18 -2.56 4.74 -0.02 -0.17 7.26 20 45 240
45 250 5. -2.19 -2.25 4.44 -0.02 -0.16 7.73 20 45 250
45 260 5. -2.16 -1.86 4.02 -0.02 -0.14 8.03 20 45 260
45 270 5. -2.10 -1.43 3.53 -0.02 -0.12 8.14 20 45 270
45 280 5. -2.02 -1.02 3.04 -0.01 -0.09 8.08 20 45 280
45 290 5. -1.91 -0.69 2.60 0.02 -0.08 7.93 20 45 290
45 300 5. -1.78 -0.42 2.19 0.02 -0.06 7.71 20 45 300
45 310 5. -1.66 -0.21 1.87 0.01 -0.05 7.53 20 45 310
45 320 5. -1.53 -0.05 1.58 0.03 -0.04 7.27 20 45 320
45 330 5. -1.39 0.05 1.35 0.04 -0.03 7.05 20 45 330
45 340 5. -1.24 0.09 1.16 0.04 -0.01 6.84 20 45 340
45 350 5. -1.06 0.07 0.98 0.07 -0.02 6.65 20 45 350
45 360 5. -0.89 0.03 0.87 0.08 -0.01 6.50 20 45 360
45 370 5. -0.70 -0.07 0.77 0.09 -0.02 6.40 20 45 370
45 380 5. -0.49 -0.19 0.68 0.09 -0.04 6.45 20 45 380
45 390 5. -0.29 -0.24 0.53 0.09 -0.32 7.65 20 45 390
45 400 5. -0.16 -0.11 0.27 0.08 -1.44 9.22 20 45 400
55 0 5. 0.04 0.00 -0.04 0.02 2.58 6.45 20 55 0
55 10 5. 0.07 0.02 -0.09 0.02 0.50 4.12 20 55 10
55 20 5. 0.11 -0.01 -0.10 0.01 0.06 2.90 20 55 20
55 30 5. 0.13 -0.06 -0.07 -0.00 0.00 2.78 20 55 30
55 40 5. 0.13 -0.09 -0.03 -0.00 -0.01 2.78 20 55 40
55 50 5. 0.10 -0.12 0.02 -0.02 -0.02 2.78 20 55 50
55 60 5. 0.06 -0.14 0.08 -0.02 -0.02 2.77 20 55 60
55 70 5. 0.00 -0.16 0.16 -0.03 -0.03 2.75 20 55 70
55 80 5. -0.06 -0.18 0.24 -0.02 -0.04 2.71 20 55 80
55 90 5. -0.10 -0.22 0.32 -0.01 -0.06 2.66 20 55 90
55 100 5. -0.16 -0.32 0.49 -0.01 -0.07 2.58 20 55 100
55 110 5. -0.26 -0.45 0.71 -0.03 -0.08 2.51 20 55 110
55 120 5. -0.36 -0.60 0.96 -0.03 -0.09 2.45 20 55 120
55 130 5. -0.48 -0.78 1.26 -0.03 -0.10 2.41 20 55 130
55 140 5. -0.60 -1.01 1.60 -0.02 -0.11 2.40 20 55 140
55 150 5. -0.72 -1.27 1.99 -0.02 -0.12 2.45 20 55 150
55 160 5. -0.85 -1.57 2.42 -0.02 -0.12 2.59 20 55 160
55 170 5. -0.98 -1.88 2.86 -0.01 -0.12 2.82 20 55 170
55 180 5. -1.12 -2.30 3.42 -0.01 -0.15 3.23 20 55 180
55 190 5. -1.30 -2.64 3.93 -0.04 -0.16 3.84 20 55 190
55 200 5. -1.48 -2.89 4.37 -0.04 -0.17 4.50 20 55 200
55 210 5. -1.65 -3.08 4.73 -0.03 -0.18 5.27 20 55 210
55 220 5. -1.80 -3.16 4.96 -0.03 -0.19 6.11 20 55 220
55 230 5. -1.90 -3.12 5.01 -0.03 -0.20 6.98 20 55 230
55 240 5. -1.95 -2.90 4.85 -0.03 -0.20 7.76 20 55 240
55 250 5. -1.97 -2.51 4.48 -0.03 -0.19 8.34 20 55 250
55 260 5. -1.95 -2.01 3.96 -0.04 -0.18 8.68 20 55 260
55 270 5. -1.91 -1.47 3.38 -0.04 -0.15 8.75 20 55 270
55 280 5. -1.86 -1.00 2.86 -0.03 -0.14 8.64 20 55 280
55 290 5. -1.77 -0.60 2.37 0.00 -0.12 8.43 20 55 290
55 300 5. -1.66 -0.31 1.97 -0.00 -0.09 8.11 20 55 300
55 310 5. -1.55 -0.09 1.64 0.00 -0.08 7.83 20 55 310
55 320 5. -1.44 0.09 1.36 0.02 -0.06 7.53 20 55 320
55 330 5. -1.32 0.18 1.14 0.04 -0.05 7.27 20 55 330
55 340 5. -1.17 0.21 0.96 0.05 -0.05 7.03 20 55 340
55 350 5. -1.03 0.18 0.85 0.06 -0.03 6.80 20 55 350
55 360 5. -0.88 0.12 0.75 0.07 -0.02 6.62 20 55 360
55 370 5. -0.68 0.01 0.68 0.08 -0.02 6.49 20 55 370
55 380 5. -0.48 -0.13 0.62 0.09 -0.05 6.56 20 55 380
55 390 5. -0.29 -0.21 0.50 0.08 -0.39 8.03 20 55 390
55 400 5. -0.02 -0.01 0.03 0.01 -0.18 1.02 21 55 400
65 0 5. 0.06 -0.03 -0.03 0.04 2.69 6.53 20 65 0
65 10 5. 0.08 -0.01 -0.07 0.02 0.51 4.12 20 65 10
65 20 5. 0.13 -0.05 -0.08 0.01 0.06 2.86 20 65 20
65 30 5. 0.16 -0.10 -0.06 0.00 0.00 2.73 20 65 30
65 40 5. 0.17 -0.13 -0.04 -0.00 -0.02 2.73 20 65 40
65 50 5. 0.17 -0.15 -0.02 -0.01 -0.03 2.73 20 65 50
65 60 5. 0.15 -0.16 0.00 -0.01 -0.05 2.72 20 65 60
65 70 5. 0.12 -0.15 0.03 -0.02 -0.07 2.71 20 65 70
65 80 5. 0.07 -0.15 0.07 -0.02 -0.05 2.66 20 65 80
65 90 5. 0.04 -0.18 0.14 -0.00 -0.05 2.59 20 65 90
65 100 5. -0.01 -0.27 0.28 0.00 -0.06 2.49 20 65 100
65 110 5. -0.08 -0.38 0.46 -0.03 -0.06 2.38 20 65 110
65 120 5. -0.17 -0.53 0.70 -0.01 -0.08 2.28 20 65 120
65 130 5. -0.27 -0.74 1.01 -0.02 -0.09 2.22 20 65 130
65 140 5. -0.38 -0.98 1.36 -0.01 -0.10 2.18 20 65 140
65 150 5. -0.49 -1.27 1.76 -0.01 -0.12 2.19 20 65 150
65 160 5. -0.61 -1.60 2.22 -0.01 -0.14 2.31 20 65 160
65 170 5. -0.73 -1.97 2.70 0.00 -0.15 2.53 20 65 170
65 180 5. -0.84 -2.43 3.27 -0.01 -0.15 2.93 20 65 180
65 190 5. -1.02 -2.82 3.84 -0.04 -0.16 3.55 20 65 190
65 200 5. -1.22 -3.15 4.37 -0.04 -0.18 4.31 20 65 200
65 210 5. -1.40 -3.43 4.82 -0.03 -0.20 5.24 20 65 210
65 220 5. -1.54 -3.58 5.13 -0.03 -0.21 6.28 20 65 220
65 230 5. -1.64 -3.56 5.20 -0.03 -0.22 7.38 20 65 230
65 240 5. -1.69 -3.31 4.99 -0.03 -0.23 8.37 20 65 240
65 250 5. -1.69 -2.80 4.50 -0.05 -0.23 9.10 20 65 250
65 260 5. -1.68 -2.14 3.82 -0.06 -0.21 9.42 20 65 260
65 270 5. -1.65 -1.48 3.13 -0.06 -0.19 9.41 20 65 270
65 280 5. -1.61 -0.92 2.53 -0.04 -0.18 9.21 20 65 280
65 290 5. -1.55 -0.49 2.04 -0.02 -0.15 8.88 20 65 290
65 300 5. -1.47 -0.15 1.62 -0.02 -0.12 8.49 20 65 300
65 310 5. -1.39 0.10 1.29 -0.01 -0.10 8.10 20 65 310
65 320 5. -1.31 0.25 1.06 0.00 -0.09 7.75 20 65 320
65 330 5. -1.22 0.33 0.89 0.02 -0.07 7.43 20 65 330
65 340 5. -1.12 0.35 0.77 0.03 -0.04 7.14 20 65 340
65 350 5. -0.99 0.31 0.68 0.04 -0.04 6.88 20 65 350
65 360 5. -0.84 0.23 0.60 0.06 -0.03 6.67 20 65 360
65 370 5. -0.66 0.10 0.55 0.08 -0.03 6.53 20 65 370
65 380 5. -0.47 -0.06 0.52 0.08 -0.06 6.60 20 65 380
65 390 5. -0.29 -0.15 0.44 0.08 -0.47 8.35 20 65 390
65 400 5. -0.02 -0.01 0.02 0.01 -0.23 1.10 21 65 400
75 0 5. 0.07 -0.06 -0.01 0.05 2.76 6.54 20 75 0
75 10 5. 0.09 -0.04 -0.05 0.02 0.53 4.13 20 75 10
75 20 5. 0.15 -0.09 -0.06 0.02 0.05 2.81 20 75 20
75 30 5. 0.19 -0.15 -0.05 0.01 0.00 2.69 20 75 30
75 40 5. 0.23 -0.17 -0.05 0.00 -0.02 2.69 20 75 40
75 50 5. 0.25 -0.18 -0.07 -0.00 -0.02 2.71 20 75 50
75 60 5. 0.26 -0.17 -0.09 0.01 -0.03 2.70 20 75 60
75 70 5. 0.25 -0.15 -0.10 -0.02 -0.04 2.67 20 75 70
75 80 5. 0.20 -0.14 -0.07 -0.02 -0.05 2.62 20 75 80
75 90 5. 0.17 -0.17 -0.00 -0.00 -0.05 2.55 20 75 90
75 100 5. 0.14 -0.22 0.08 0.00 -0.05 2.43 20 75 100
75 110 5. 0.08 -0.32 0.24 -0.01 -0.06 2.31 20 75 110
75 120 5. 0.01 -0.48 0.47 0.00 -0.09 2.17 20 75 120
75 130 5. -0.08 -0.71 0.79 -0.01 -0.10 2.07 20 75 130
75 140 5. -0.18 -0.96 1.14 -0.00 -0.11 2.00 20 75 140
75 150 5. -0.28 -1.27 1.55 0.01 -0.12 1.97 20 75 150
75 160 5. -0.38 -1.62 2.01 0.00 -0.13 2.03 20 75 160
75 170 5. -0.49 -2.04 2.53 -0.00 -0.14 2.24 20 75 170
75 180 5. -0.61 -2.52 3.13 -0.01 -0.16 2.63 20 75 180
75 190 5. -0.78 -3.01 3.79 -0.04 -0.19 3.25 20 75 190
75 200 5. -0.97 -3.44 4.41 -0.04 -0.19 4.10 20 75 200
75 210 5. -1.15 -3.84 4.98 -0.03 -0.21 5.19 20 75 210
75 220 5. -1.28 -4.11 5.39 -0.03 -0.24 6.50 20 75 220
75 230 5. -1.37 -4.12 5.48 -0.04 -0.26 7.93 20 75 230
75 240 5. -0.14 -0.38 0.52 -0.00 -0.03 0.92 21 75 240
75 250 5. -0.14 -0.32 0.45 -0.01 -0.03 1.01 21 75 250
75 260 5. -0.13 -0.22 0.36 -0.01 -0.02 1.03 21 75 260
75 270 5. -0.13 -0.14 0.27 -0.01 -0.02 1.02 21 75 270
75 280 5. -1.25 -0.79 2.04 -0.06 -0.20 9.83 20 75 280
75 290 5. -1.22 -0.27 1.49 -0.05 -0.17 9.33 20 75 290
75 300 5. -1.20 0.08 1.13 -0.04 -0.14 8.80 20 75 300
75 310 5. -1.18 0.31 0.87 -0.03 -0.11 8.32 20 75 310
75 320 5. -1.14 0.45 0.69 -0.01 -0.09 7.90 20 75 320
75 330 5. -1.10 0.52 0.58 -0.00 -0.07 7.54 20 75 330
75 340 5. -1.03 0.54 0.49 0.03 -0.05 7.19 20 75 340
75 350 5. -0.91 0.48 0.43 0.05 -0.05 6.89 20 75 350
75 360 5. -0.77 0.37 0.40 0.05 -0.04 6.65 20 75 360
75 370 5. -0.62 0.22 0.39 0.07 -0.04 6.49 20 75 370
75 380 5. -0.44 0.04 0.40 0.07 -0.07 6.55 20 75 380
75 390 5. -0.27 -0.09 0.36 0.08 -0.54 8.58 20 75 390
75 400 5. -0.02 -0.00 0.02 0.01 -0.27 1.17 21 75 400
85 0 5. 0.08 -0.08 0.00 0.06 2.81 6.48 20 85 0
85 10 5. 0.10 -0.08 -0.02 0.02 0.55 4.08 20 85 10
85 20 5. 0.17 -0.15 -0.02 0.02 0.06 2.76 20 85 20
85 30 5. 0.23 -0.21 -0.02 0.01 0.00 2.66 20 85 30
85 40 5. 0.28 -0.24 -0.04 0.01 -0.02 2.67 20 85 40
85 50 5. 0.32 -0.23 -0.08 -0.01 -0.02 2.69 20 85 50
85 60 5. 0.34 -0.22 -0.12 0.00 -0.02 2.70 20 85 60
85 70 5. 0.34 -0.18 -0.17 -0.01 -0.02 2.66 20 85 70
85 80 5. 0.34 -0.15 -0.18 -0.00 -0.05 2.61 20 85 80
85 90 5. 0.33 -0.13 -0.21 -0.01 -0.06 2.53 20 85 90
85 100 5. 0.31 -0.14 -0.17 -0.01 -0.07 2.41 20 85 100
85 110 5. 0.28 -0.23 -0.06 0.02 -0.07 2.24 20 85 110
85 120 5. 0.26 -0.39 0.13 0.02 -0.10 2.09 20 85 120
85 130 5. 0.17 -0.65 0.48 -0.00 -0.12 1.95 20 85 130
85 140 5. 0.05 -0.95 0.90 -0.01 -0.11 1.83 20 85 140
85 150 5. -0.07 -1.26 1.33 0.00 -0.11 1.76 20 85 150
85 160 5. -0.19 -1.64 1.83 0.01 -0.11 1.77 20 85 160
85 170 5. -0.31 -2.11 2.42 0.02 -0.13 1.96 20 85 170
85 180 5. -0.42 -2.63 3.05 0.01 -0.15 2.34 20 85 180
85 190 5. -0.57 -3.16 3.72 -0.03 -0.17 2.93 20 85 190
85 200 5. -0.76 -3.71 4.47 -0.05 -0.19 3.81 20 85 200
85 210 5. -0.93 -4.28 5.21 -0.03 -0.22 5.05 20 85 210
85 220 5. -1.05 -4.74 5.79 -0.03 -0.26 6.73 20 85 220
85 230 5. -0.11 -0.48 0.59 -0.01 -0.03 0.86 21 85 230
85 240 5. -0.10 -0.44 0.54 -0.01 -0.03 1.02 21 85 240
85 250 5. -0.09 -0.35 0.45 -0.01 -0.03 1.12 21 85 250
85 260 5. -0.09 -0.23 0.32 -0.01 -0.03 1.13 21 85 260
85 270 5. -0.08 -0.14 0.22 -0.01 -0.03 1.10 21 85 270
85 280 5. -0.08 -0.06 0.14 -0.01 -0.02 1.04 21 85 280
85 290 5. -0.87 -0.03 0.89 -0.08 -0.18 9.69 20 85 290
85 300 5. -0.91 0.32 0.58 -0.07 -0.14 9.02 20 85 300
85 310 5. -0.94 0.54 0.40 -0.05 -0.11 8.45 20 85 310
85 320 5. -0.96 0.67 0.29 -0.03 -0.09 7.97 20 85 320
85 330 5. -0.96 0.75 0.22 -0.03 -0.07 7.57 20 85 330
85 340 5. -0.93 0.76 0.17 0.01 -0.06 7.20 20 85 340
85 350 5. -0.83 0.68 0.15 0.03 -0.04 6.85 20 85 350
85 360 5. -0.72 0.55 0.17 0.04 -0.03 6.55 20 85 360
85 370 5. -0.57 0.37 0.21 0.06 -0.04 6.36 20 85 370
85 380 5. -0.41 0.15 0.26 0.07 -0.07 6.40 20 85 380
85 390 5. -0.26 -0.01 0.27 0.07 -0.60 8.65 20 85 390
85 400 5. -0.02 0.00 0.01 0.01 -0.30 1.21 21 85 400
95 0 5. 0.08 -0.11 0.03 0.06 2.82 6.31 20 95 0
95 10 5. 0.11 -0.14 0.03 0.02 0.55 3.98 20 95 10
95 20 5. 0.19 -0.22 0.03 0.02 0.05 2.69 20 95 20
95 30 5. 0.27 -0.29 0.02 0.02 0.00 2.62 20 95 30
95 40 5. 0.34 -0.32 -0.02 0.01 -0.01 2.65 20 95 40
95 50 5. 0.39 -0.30 -0.09 -0.00 -0.02 2.69 20 95 50
95 60 5. 0.43 -0.27 -0.16 0.01 -0.04 2.71 20 95 60
95 70 5. 0.46 -0.22 -0.24 -0.01 -0.05 2.68 20 95 70
95 80 5. 0.50 -0.17 -0.33 0.02 -0.07 2.64 20 95 80
95 90 5. 0.53 -0.12 -0.41 0.00 -0.06 2.57 20 95 90
95 100 5. 0.55 -0.07 -0.47 -0.00 -0.09 2.39 20 95 100
95 110 5. 0.56 -0.11 -0.45 0.03 -0.10 2.22 20 95 110
95 120 5. 0.56 -0.26 -0.30 0.03 -0.10 2.02 20 95 120
95 130 5. 0.49 -0.54 0.05 -0.00 -0.11 1.84 20 95 130
95 140 5. 0.34 -0.93 0.59 -0.01 -0.13 1.66 20 95 140
95 150 5. 0.17 -1.30 1.14 -0.00 -0.12 1.54 20 95 150
95 160 5. 0.02 -1.68 1.66 0.03 -0.12 1.49 20 95 160
95 170 5. -0.09 -2.18 2.27 0.03 -0.13 1.66 20 95 170
95 180 5. -0.24 -2.68 2.92 0.01 -0.12 2.01 20 95 180
95 190 5. -0.41 -3.25 3.66 -0.01 -0.15 2.59 20 95 190
95 200 5. -0.59 -3.92 4.51 -0.04 -0.19 3.46 20 95 200
95 210 5. -0.78 -4.75 5.52 -0.02 -0.22 4.86 20 95 210
95 220 5. -0.89 -5.43 6.33 -0.06 -0.25 6.89 20 95 220
95 230 5. -0.09 -0.56 0.65 -0.01 -0.03 0.92 21 95 230
95 240 5. -0.07 -0.49 0.56 -0.02 -0.03 1.11 21 95 240
95 250 5. -0.04 -0.38 0.42 -0.02 -0.04 1.22 21 95 250
95 260 5. -0.03 -0.24 0.27 -0.02 -0.04 1.25 21 95 260
95 270 5. -0.03 -0.12 0.15 -0.02 -0.03 1.19 21 95 270
95 280 5. -0.03 -0.04 0.07 -0.01 -0.02 1.10 21 95 280
95 290 5. -0.04 0.02 0.02 -0.01 -0.02 1.00 21 95 290
95 300 5. -0.57 0.57 -0.01 -0.10 -0.16 9.16 20 95 300
95 310 5. -0.68 0.79 -0.11 -0.08 -0.13 8.51 20 95 310
95 320 5. -0.77 0.92 -0.15 -0.06 -0.10 7.98 20 95 320
95 330 5. -0.83 0.99 -0.16 -0.04 -0.08 7.53 20 95 330
95 340 5. -0.83 0.99 -0.16 -0.01 -0.06 7.12 20 95 340
95 350 5. -0.78 0.90 -0.13 0.01 -0.04 6.73 20 95 350
95 360 5. -0.67 0.75 -0.07 0.04 -0.03 6.38 20 95 360
95 370 5. -0.54 0.54 0.00 0.05 -0.03 6.13 20 95 370
95 380 5. -0.39 0.29 0.10 0.06 -0.07 6.14 20 95 380
95 390 5. -0.24 0.09 0.16 0.06 -0.65 8.51 20 95 390
95 400 5. -0.02 0.01 0.01 0.01 -0.33 1.21 21 95 400
105 0 5. 0.06 -0.15 0.08 0.06 2.75 5.98 20 105 0
105 10 5. 0.11 -0.21 0.10 0.02 0.55 3.83 20 105 10
105 20 5. 0.22 -0.33 0.11 0.03 0.05 2.60 20 105 20
105 30 5. 0.32 -0.41 0.09 0.02 -0.01 2.57 20 105 30
105 40 5. 0.41 -0.42 0.01 0.00 -0.04 2.63 20 105 40
105 50 5. 0.47 -0.39 -0.09 -0.00 -0.02 2.68 20 105 50
105 60 5. 0.54 -0.35 -0.19 0.01 -0.03 2.71 20 105 60
105 70 5. 0.61 -0.28 -0.32 0.00 -0.04 2.71 20 105 70
105 80 5. 0.68 -0.22 -0.47 0.01 -0.04 2.70 20 105 80
105 90 5. 0.75 -0.13 -0.61 0.00 -0.05 2.60 20 105 90
105 100 5. 0.80 -0.06 -0.74 0.01 -0.07 2.44 20 105 100
105 110 5. 0.84 -0.04 -0.80 0.02 -0.08 2.23 20 105 110
105 120 5. 0.87 -0.14 -0.73 0.03 -0.09 1.98 20 105 120
105 130 5. 0.86 -0.41 -0.45 0.01 -0.12 1.73 20 105 130
105 140 5. 0.74 -0.93 0.19 0.00 -0.15 1.50 20 105 140
105 150 5. 0.47 -1.40 0.92 -0.01 -0.16 1.32 20 105 150
105 160 5. 0.25 -1.79 1.53 0.01 -0.14 1.26 20 105 160
105 170 5. 0.05 -2.20 2.15 0.02 -0.12 1.41 20 105 170
105 180 5. -0.11 -2.69 2.80 0.01 -0.11 1.74 20 105 180
105 190 5. -0.29 -3.31 3.60 0.00 -0.13 2.24 20 105 190
105 200 5. -0.49 -4.12 4.60 -0.02 -0.16 3.09 20 105 200
105 210 5. -0.73 -5.24 5.97 -0.04 -0.19 4.63 20 105 210
105 220 5. -0.86 -6.15 7.01 -0.11 -0.23 6.89 20 105 220
105 230 5. -0.08 -0.64 0.71 -0.02 -0.03 0.96 21 105 230
105 240 5. -0.04 -0.54 0.57 -0.03 -0.03 1.17 21 105 240
105 250 5. 0.01 -0.39 0.38 -0.03 -0.04 1.29 21 105 250
105 260 5. 0.03 -0.24 0.20 -0.02 -0.04 1.34 21 105 260
105 270 5. 0.04 -0.10 0.06 -0.02 -0.03 1.27 21 105 270
105 280 5. 0.03 -0.01 -0.02 -0.02 -0.02 1.14 21 105 280
105 290 5. 0.01 0.05 -0.05 -0.02 -0.02 1.01 21 105 290
105 300 5. -0.16 0.82 -0.66 -0.14 -0.16 9.20 20 105 300
105 310 5. -0.39 1.05 -0.66 -0.12 -0.13 8.51 20 105 310
105 320 5. -0.58 1.20 -0.62 -0.09 -0.10 7.95 20 105 320
105 330 5. -0.70 1.28 -0.58 -0.06 -0.07 7.44 20 105 330
105 340 5. -0.75 1.27 -0.52 -0.03 -0.05 6.98 20 105 340
105 350 5. -0.73 1.17 -0.44 -0.00 -0.04 6.54 20 105 350
105 360 5. -0.64 0.98 -0.34 0.02 -0.02 6.13 20 105 360
105 370 5. -0.52 0.74 -0.22 0.04 -0.03 5.81 20 105 370
105 380 5. -0.37 0.45 -0.07 0.05 -0.07 5.76 20 105 380
105 390 5. -0.23 0.19 0.04 0.06 -0.68 8.15 20 105 390
105 400 5. -0.01 0.01 0.00 0.01 -0.35 1.19 21 105 400
115 0 5. 0.04 -0.19 0.15 0.05 2.55 5.45 20 115 0
115 10 5. 0.11 -0.31 0.20 0.03 0.53 3.60 20 115 10
115 20 5. 0.25 -0.48 0.22 0.03 0.04 2.50 20 115 20
115 30 5. 0.38 -0.55 0.17 0.01 -0.01 2.50 20 115 30
115 40 5. 0.48 -0.54 0.06 -0.01 -0.02 2.57 20 115 40
115 50 5. 0.56 -0.49 -0.06 -0.02 -0.02 2.64 20 115 50
115 60 5. 0.64 -0.45 -0.19 0.00 -0.03 2.69 20 115 60
115 70 5. 0.74 -0.39 -0.36 -0.01 -0.04 2.72 20 115 70
115 80 5. 0.85 -0.31 -0.53 0.00 -0.04 2.71 20 115 80
115 90 5. 0.95 -0.21 -0.74 0.00 -0.05 2.65 20 115 90
115 100 5. 1.05 -0.10 -0.95 0.01 -0.06 2.51 20 115 100
115 110 5. 1.15 -0.01 -1.13 0.02 -0.07 2.27 20 115 110
115 120 5. 1.22 -0.02 -1.20 0.02 -0.09 1.94 20 115 120
115 130 5. 1.25 -0.23 -1.02 0.01 -0.11 1.55 20 115 130
115 140 5. 1.19 -0.87 -0.32 0.00 -0.12 1.25 20 115 140
115 150 5. 0.84 -1.52 0.68 -0.00 -0.13 1.11 20 115 150
115 160 5. 0.45 -1.89 1.44 -0.00 -0.12 1.01 20 115 160
115 170 5. 0.20 -2.23 2.03 0.01 -0.11 1.19 20 115 170
115 180 5. -0.01 -2.67 2.68 0.02 -0.13 1.44 20 115 180
115 190 5. -0.24 -3.27 3.51 -0.01 -0.09 1.84 20 115 190
115 200 5. -0.51 -4.24 4.75 -0.04 -0.06 2.53 20 115 200
115 210 5. -0.81 -5.57 6.38 -0.08 -0.10 4.04 20 115 210
115 220 5. -1.07 -6.95 8.01 -0.20 -0.21 6.52 20 115 220
115 230 5. -0.08 -0.70 0.79 -0.03 -0.03 0.96 21 115 230
115 240 5. -0.02 -0.55 0.57 -0.03 -0.03 1.17 21 115 240
115 250 5. 0.04 -0.38 0.33 -0.03 -0.03 1.28 21 115 250
115 260 5. 0.10 -0.21 0.11 -0.04 -0.04 1.31 21 115 260
115 270 5. 0.12 -0.09 -0.03 -0.04 -0.03 1.22 21 115 270
115 280 5. 0.10 -0.00 -0.10 -0.04 -0.02 1.08 21 115 280
115 290 5. 0.67 0.54 -1.21 -0.31 -0.16 9.72 20 115 290
115 300 5. 0.25 0.96 -1.21 -0.25 -0.13 8.91 20 115 300
115 310 5. -0.11 1.28 -1.16 -0.20 -0.10 8.31 20 115 310
115 320 5. -0.40 1.50 -1.10 -0.15 -0.08 7.78 20 115 320
115 330 5. -0.60 1.62 -1.01 -0.10 -0.06 7.26 20 115 330
115 340 5. -0.70 1.61 -0.91 -0.06 -0.04 6.75 20 115 340
115 350 5. -0.70 1.48 -0.78 -0.02 -0.03 6.24 20 115 350
115 360 5. -0.62 1.26 -0.63 0.01 -0.02 5.78 20 115 360
115 370 5. -0.51 0.97 -0.47 0.03 -0.02 5.41 20 115 370
115 380 5. -0.37 0.64 -0.28 0.04 -0.07 5.29 20 115 380
115 390 5. -0.24 0.34 -0.09 0.04 -0.66 7.46 20 115 390
115 400 5. -0.02 0.02 -0.00 0.00 -0.35 1.11 21 115 400
125 0 5. 0.00 -0.23 0.23 0.05 2.19 4.68 20 125 0
125 10 5. 0.12 -0.44 0.33 0.04 0.47 3.26 20 125 10
125 20 5. 0.31 -0.65 0.34 0.02 0.02 2.36 20 125 20
125 30 5. 0.45 -0.69 0.24 -0.02 -0.02 2.38 20 125 30
125 40 5. 0.55 -0.66 0.11 -0.04 -0.02 2.45 20 125 40
125 50 5. 0.63 -0.61 -0.02 -0.04 -0.02 2.51 20 125 50
125 60 5. 0.73 -0.58 -0.16 -0.03 -0.02 2.57 20 125 60
125 70 5. 0.86 -0.53 -0.33 -0.03 -0.02 2.61 20 125 70
125 80 5. 1.00 -0.46 -0.54 -0.02 -0.03 2.64 20 125 80
125 90 5. 1.16 -0.37 -0.79 -0.01 -0.04 2.63 20 125 90
125 100 5. 1.34 -0.25 -1.09 -0.00 -0.05 2.55 20 125 100
125 110 5. 1.51 -0.09 -1.42 0.00 -0.07 2.33 20 125 110
125 120 5. 1.62 0.03 -1.65 0.01 -0.08 1.89 20 125 120
125 130 5. 1.64 -0.06 -1.57 -0.00 -0.09 1.27 20 125 130
125 140 5. 1.58 -0.74 -0.83 -0.02 -0.10 0.80 20 125 140
125 150 5. 1.19 -1.65 0.46 -0.00 -0.12 0.68 20 125 150
125 160 5. 0.61 -2.04 1.43 0.01 -0.10 0.75 20 125 160
125 170 5. 0.29 -2.31 2.01 0.01 -0.09 1.04 20 125 170
125 180 5. 0.02 -2.61 2.59 -0.02 0.00 1.25 20 125 180
125 190 5. -0.27 -3.18 3.46 -0.05 0.08 1.46 20 125 190
125 200 5. -0.81 -4.34 5.15 -0.07 0.11 1.83 20 125 200
125 210 5. -1.38 -6.28 7.66 -0.11 -0.01 2.98 20 125 210
125 220 5. -0.18 -0.74 0.92 -0.04 -0.03 0.56 21 125 220
125 230 5. -0.13 -0.63 0.76 -0.05 -0.04 0.86 21 125 230
125 240 5. -0.04 -0.49 0.53 -0.07 -0.04 1.09 21 125 240
125 250 5. 0.07 -0.36 0.29 -0.09 -0.04 1.20 21 125 250
125 260 5. 0.15 -0.21 0.06 -0.09 -0.04 1.16 21 125 260
125 270 5. 0.18 -0.11 -0.07 -0.08 -0.03 1.06 21 125 270
125 280 5. 1.58 -0.27 -1.31 -0.70 -0.30 9.49 20 125 280
125 290 5. 1.08 0.32 -1.41 -0.60 -0.24 8.74 20 125 290
125 300 5. 0.54 0.87 -1.41 -0.49 -0.18 8.26 20 125 300
125 310 5. 0.08 1.32 -1.39 -0.39 -0.15 7.88 20 125 310
125 320 5. -0.29 1.67 -1.38 -0.29 -0.12 7.48 20 125 320
125 330 5. -0.56 1.90 -1.34 -0.19 -0.10 7.02 20 125 330
125 340 5. -0.70 1.93 -1.23 -0.10 -0.08 6.49 20 125 340
125 350 5. -0.71 1.77 -1.06 -0.03 -0.06 5.94 20 125 350
125 360 5. -0.63 1.49 -0.87 -0.00 -0.04 5.45 20 125 360
125 370 5. -0.50 1.16 -0.66 0.02 -0.05 5.06 20 125 370
125 380 5. -0.37 0.81 -0.45 0.04 -0.09 4.93 20 125 380
125 390 5. -0.27 0.55 -0.27 -0.04 -0.64 6.84 20 125 390
125 400 5. -0.02 0.04 -0.02 -0.02 -0.32 0.98 21 125 400
135 0 5. -0.03 -0.25 0.29 0.02 1.55 3.67 20 135 0
135 10 5. 0.15 -0.57 0.42 0.03 0.33 2.81 20 135 10
135 20 5. 0.41 -0.82 0.41 -0.01 -0.01 2.16 20 135 20
135 30 5. 0.54 -0.81 0.28 -0.07 -0.03 2.18 20 135 30
135 40 5. 0.62 -0.76 0.14 -0.08 -0.02 2.23 20 135 40
135 50 5. 0.70 -0.71 0.00 -0.08 -0.02 2.27 20 135 50
135 60 5. 0.81 -0.68 -0.13 -0.07 -0.02 2.31 20 135 60
135 70 5. 0.95 -0.66 -0.29 -0.07 -0.02 2.36 20 135 70
135 80 5. 1.13 -0.63 -0.50 -0.05 -0.02 2.40 20 135 80
135 90 5. 1.35 -0.59 -0.76 -0.04 -0.02 2.42 20 135 90
135 100 5. 1.62 -0.53 -1.09 -0.03 -0.03 2.41 20 135 100
135 110 5. 1.92 -0.37 -1.54 -0.02 -0.04 2.28 20 135 110
135 120 5. 2.15 -0.18 -1.97 -0.01 -0.04 1.88 20 135 120
135 130 5. 2.18 -0.13 -2.05 0.01 -0.04 1.14 20 135 130
135 140 5. 2.02 -0.75 -1.27 0.03 -0.06 0.37 20 135 140
135 150 5. 1.37 -1.81 0.43 0.07 -0.08 0.27 20 135 150
135 160 5. 0.61 -2.20 1.60 0.06 -0.07 0.66 20 135 160
135 170 5. 0.24 -2.37 2.13 -0.02 0.00 1.11 20 135 170
135 180 5. -0.14 -2.56 2.70 -0.03 0.07 1.24 20 135 180
135 190 5. -0.85 -2.93 3.79 -0.05 0.26 0.84 20 135 190
135 200 5. -2.18 -3.75 5.94 -0.30 0.55 0.98 20 135 200
135 210 5. -3.19 -4.27 7.46 -0.27 -0.21 2.33 20 135 210
135 220 5. -3.51 -2.78 6.29 0.08 -0.25 3.99 20 135 220
135 230 5. -2.86 -3.38 6.24 -0.12 0.02 5.45 20 135 230
135 240 5. -1.92 -3.33 5.25 -0.13 0.15 7.84 20 135 240
135 250 5. -0.07 -0.12 0.19 -0.01 0.00 1.07 21 135 250
135 260 5. 0.03 0.19 -0.21 -0.00 0.01 1.18 21 135 260
135 270 5. 0.05 0.44 -0.49 -0.00 -0.01 1.13 21 135 270
135 280 5. 0.01 0.54 -0.56 -0.00 -0.01 1.02 21 135 280
135 290 5. -0.04 0.52 -0.48 0.00 -0.01 0.89 21 135 290
135 300 5. -0.78 4.70 -3.92 0.00 -0.04 8.01 20 135 300
135 310 5. -0.92 4.15 -3.23 -0.01 -0.01 7.32 20 135 310
135 320 5. -0.94 3.62 -2.68 -0.04 0.00 6.72 20 135 320
135 330 5. -0.89 3.11 -2.22 -0.05 0.02 6.12 20 135 330
135 340 5. -0.81 2.64 -1.82 -0.07 0.03 5.55 20 135 340
135 350 5. -0.74 2.23 -1.49 -0.05 0.04 5.03 20 135 350
135 360 5. -0.64 1.85 -1.22 -0.02 0.04 4.58 20 135 360
135 370 5. -0.51 1.48 -0.97 0.00 0.02 4.23 20 135 370
135 380 5. -0.33 1.05 -0.72 0.04 -0.03 4.04 20 135 380
135 390 5. -0.10 0.55 -0.45 0.12 -0.56 5.50 20 135 390
135 400 5. 0.02 0.18 -0.21 0.20 -2.80 7.77 20 135 400
145 0 5. -0.03 -0.28 0.31 -0.09 0.93 2.85 20 145 0
145 10 5. 0.24 -0.67 0.43 -0.04 0.17 2.40 20 145 10
145 20 5. 0.52 -0.93 0.41 -0.04 -0.04 1.99 20 145 20
145 30 5. 0.60 -0.87 0.27 -0.08 -0.03 1.99 20 145 30
145 40 5. 0.66 -0.80 0.13 -0.08 -0.03 2.02 20 145 40
145 50 5. 0.75 -0.75 0.00 -0.07 -0.03 2.06 20 145 50
145 60 5. 0.86 -0.73 -0.13 -0.07 -0.03 2.10 20 145 60
145 70 5. 1.02 -0.73 -0.29 -0.07 -0.03 2.12 20 145 70
145 80 5. 1.22 -0.75 -0.47 -0.07 -0.03 2.15 20 145 80
145 90 5. 1.48 -0.75 -0.73 -0.06 -0.04 2.16 20 145 90
145 100 5. 1.79 -0.80 -1.00 -0.04 -0.05 2.16 20 145 100
145 110 5. 2.24 -0.77 -1.47 -0.02 -0.05 2.13 20 145 110
145 120 5. 2.69 -0.74 -1.95 0.03 -0.05 1.92 20 145 120
145 130 5. 2.83 -0.62 -2.22 0.12 -0.01 1.23 20 145 130
145 140 5. 2.34 -1.08 -1.26 0.24 -0.03 0.37 20 145 140
145 150 5. 1.32 -1.90 0.58 0.33 -0.14 0.32 20 145 150
145 160 5. 0.24 -2.13 1.89 0.25 -0.26 0.81 20 145 160
145 170 5. 0.01 -2.28 2.26 0.29 -0.36 1.58 20 145 170
145 180 5. -0.37 -2.29 2.66 0.62 -0.29 1.62 20 145 180
145 190 5. -2.47 -0.86 3.33 0.80 -3.08 6.13 20 145 190
145 200 5. -3.74 0.21 3.53 0.61 -2.00 4.98 20 145 200
145 210 5. -5.28 0.99 4.29 0.20 -1.04 4.30 20 145 210
145 220 5. -5.05 0.16 4.88 0.06 -0.66 3.83 20 145 220
145 230 5. -4.61 0.00 4.61 -0.23 -0.47 4.32 20 145 230
145 240 5. -3.77 0.26 3.50 -0.35 -0.34 5.58 20 145 240
145 250 5. -2.69 1.56 1.13 -0.40 -0.25 8.47 20 145 250
145 260 5. -0.10 0.35 -0.25 -0.04 0.00 1.10 21 145 260
145 270 5. 0.03 0.55 -0.57 -0.05 -0.00 1.15 21 145 270
145 280 5. 0.03 0.63 -0.67 -0.05 -0.01 1.02 21 145 280
145 290 5. -0.32 5.66 -5.34 -0.32 -0.10 8.27 20 145 290
145 300 5. -0.75 4.96 -4.21 -0.25 -0.07 7.03 20 145 300
145 310 5. -0.92 4.36 -3.44 -0.20 -0.05 6.21 20 145 310
145 320 5. -0.95 3.83 -2.88 -0.17 -0.04 5.60 20 145 320
145 330 5. -0.91 3.30 -2.39 -0.13 -0.02 5.08 20 145 330
145 340 5. -0.84 2.83 -1.99 -0.11 -0.01 4.65 20 145 340
145 350 5. -0.77 2.40 -1.64 -0.09 0.00 4.28 20 145 350
145 360 5. -0.67 2.01 -1.34 -0.06 0.01 3.94 20 145 360
145 370 5. -0.55 1.64 -1.09 -0.03 0.01 3.67 20 145 370
145 380 5. -0.37 1.24 -0.87 0.02 -0.02 3.49 20 145 380
145 390 5. -0.14 0.76 -0.62 0.06 -0.51 4.70 20 145 390
145 400 5. -0.00 0.38 -0.38 0.04 -2.53 6.70 20 145 400
155 0 5. 0.02 0.36 -0.38 0.08 0.91 3.00 20 155 0
155 10 5. -0.26 0.86 -0.60 0.03 0.16 2.54 20 155 10
155 20 5. -0.54 1.34 -0.80 0.04 -0.02 2.12 20 155 20
155 30 5. -0.61 1.55 -0.93 0.08 -0.01 2.12 20 155 30
155 40 5. -0.64 1.74 -1.10 0.09 -0.00 2.15 20 155 40
155 50 5. -0.67 1.97 -1.30 0.11 0.01 2.20 20 155 50
155 60 5. -0.67 2.20 -1.54 0.14 0.01 2.26 20 155 60
155 70 5. -0.64 2.46 -1.83 0.17 0.01 2.35 20 155 70
155 80 5. -0.57 2.73 -2.15 0.21 0.02 2.47 20 155 80
155 90 5. -0.46 3.08 -2.62 0.25 0.03 2.65 20 155 90
155 100 5. -0.32 3.54 -3.22 0.29 0.04 2.90 20 155 100
155 110 5. -0.07 4.43 -4.36 0.34 0.04 3.37 20 155 110
155 120 5. 0.29 6.07 -6.36 0.40 0.04 4.13 20 155 120
155 130 5. 0.03 0.89 -0.91 0.05 0.01 0.53 21 155 130
155 140 5. -1.41 8.65 -7.24 0.43 0.26 5.10 20 155 140
155 150 5. -3.25 6.65 -3.40 0.57 0.63 3.95 20 155 150
155 160 5. -4.51 5.50 -0.99 0.73 1.01 3.51 20 155 160
155 170 5. -4.63 4.73 -0.10 0.60 1.26 3.57 20 155 170
155 180 5. -4.52 4.28 0.24 0.32 1.38 4.29 20 155 180
155 190 5. -2.48 4.21 -1.73 -0.43 -1.26 6.96 20 155 190
155 200 5. -3.19 3.33 -0.13 -0.13 -0.95 6.02 20 155 200
155 210 5. -3.71 3.54 0.17 -0.02 -0.95 5.40 20 155 210
155 220 5. -4.87 2.84 2.03 0.06 -0.99 4.19 20 155 220
155 230 5. -5.36 2.86 2.49 -0.31 -0.98 3.98 20 155 230
155 240 5. -5.32 3.55 1.77 -0.57 -0.88 4.42 20 155 240
155 250 5. -3.94 4.34 -0.40 -0.49 -0.62 5.31 20 155 250
155 260 5. -2.49 6.17 -3.68 -0.45 -0.28 7.54 20 155 260
155 270 5. -0.07 0.77 -0.70 -0.06 -0.01 0.87 21 155 270
155 280 5. -0.00 0.77 -0.77 -0.06 -0.00 0.80 21 155 280
155 290 5. -0.31 6.20 -5.90 -0.44 -0.04 6.35 20 155 290
155 300 5. -0.68 5.06 -4.37 -0.36 -0.02 5.21 20 155 300
155 310 5. -0.84 4.39 -3.55 -0.28 -0.01 4.52 20 155 310
155 320 5. -0.88 3.82 -2.93 -0.24 -0.00 4.05 20 155 320
155 330 5. -0.88 3.34 -2.46 -0.19 0.00 3.70 20 155 330
155 340 5. -0.84 2.90 -2.06 -0.16 0.01 3.46 20 155 340
155 350 5. -0.78 2.50 -1.72 -0.13 0.01 3.23 20 155 350
155 360 5. -0.70 2.11 -1.41 -0.10 0.02 3.04 20 155 360
155 370 5. -0.62 1.78 -1.17 -0.09 0.03 2.88 20 155 370
155 380 5. -0.47 1.44 -0.97 -0.02 0.01 2.80 20 155 380
155 390 5. -0.20 0.90 -0.70 0.03 -0.35 3.61 20 155 390
155 400 5. 0.01 0.41 -0.42 0.01 -1.76 4.79 20 155 400
165 0 5. 0.01 0.34 -0.35 -0.03 1.52 4.09 20 165 0
165 10 5. -0.20 0.78 -0.58 -0.04 0.31 3.16 20 165 10
165 20 5. -0.46 1.26 -0.79 0.00 -0.01 2.51 20 165 20
165 30 5. -0.60 1.54 -0.94 0.07 -0.02 2.56 20 165 30
165 40 5. -0.67 1.78 -1.11 0.09 -0.02 2.66 20 165 40
165 50 5. -0.71 2.04 -1.33 0.11 -0.01 2.79 20 165 50
165 60 5. -0.74 2.31 -1.58 0.13 -0.00 2.96 20 165 60
165 70 5. -0.72 2.60 -1.88 0.16 0.00 3.16 20 165 70
165 80 5. -0.67 2.90 -2.24 0.20 0.00 3.42 20 165 80
165 90 5. -0.56 3.26 -2.70 0.25 0.01 3.75 20 165 90
165 100 5. -0.38 3.71 -3.33 0.30 0.02 4.22 20 165 100
165 110 5. -0.08 4.41 -4.33 0.36 0.03 5.00 20 165 110
165 120 5. 0.46 5.70 -6.16 0.48 0.04 6.46 20 165 120
165 130 5. 0.08 0.74 -0.82 0.06 0.01 0.86 21 165 130
165 140 5. -0.06 0.69 -0.63 0.06 0.02 0.89 21 165 140
165 150 5. -2.71 4.52 -1.81 0.61 0.43 7.02 20 165 150
165 160 5. -4.02 2.69 1.33 0.56 0.71 5.15 20 165 160
165 170 5. -4.75 2.12 2.63 0.30 0.94 4.40 20 165 170
165 180 5. -4.98 2.11 2.86 -0.04 1.07 4.33 20 165 180
165 190 5. -4.78 2.21 2.57 -0.07 1.30 4.87 20 165 190
165 200 5. -4.30 1.69 2.61 0.16 1.52 5.87 20 165 200
165 210 5. -3.61 1.72 1.88 0.06 1.34 6.22 20 165 210
165 220 5. -3.52 4.03 -0.51 0.22 -0.23 4.39 20 165 220
165 230 5. -4.30 4.41 -0.12 -0.33 -0.87 3.54 20 165 230
165 240 5. -4.86 5.21 -0.35 -0.76 -1.01 3.16 20 165 240
165 250 5. -4.24 6.01 -1.77 -0.60 -0.88 3.41 20 165 250
165 260 5. -2.98 7.39 -4.41 -0.49 -0.51 4.59 20 165 260
165 270 5. -1.27 8.82 -7.55 -0.50 -0.30 4.91 20 165 270
165 280 5. -0.47 8.27 -7.80 -0.51 -0.05 4.91 20 165 280
165 290 5. -0.33 6.59 -6.26 -0.39 -0.07 4.39 20 165 290
165 300 5. -0.57 4.75 -4.17 -0.37 -0.04 3.44 20 165 300
165 310 5. -0.69 4.14 -3.45 -0.29 -0.04 3.11 20 165 310
165 320 5. -0.76 3.52 -2.75 -0.24 -0.03 2.80 20 165 320
165 330 5. -0.78 3.14 -2.37 -0.20 -0.03 2.66 20 165 330
165 340 5. -0.77 2.74 -1.97 -0.17 -0.01 2.51 20 165 340
165 350 5. -0.73 2.40 -1.67 -0.14 -0.01 2.41 20 165 350
165 360 5. -0.69 2.06 -1.38 -0.11 0.00 2.33 20 165 360
165 370 5. -0.64 1.79 -1.15 -0.11 0.01 2.27 20 165 370
165 380 5. -0.56 1.52 -0.96 -0.07 0.02 2.27 20 165 380
165 390 5. -0.27 0.98 -0.71 -0.06 -0.19 2.75 20 165 390
165 400 5. 0.01 0.42 -0.43 -0.10 -1.03 3.30 20 165 400
175 0 5. -0.02 0.31 -0.29 -0.04 2.16 5.52 20 175 0
175 10 5. -0.16 0.65 -0.49 -0.06 0.45 3.96 20 175 10
175 20 5. -0.38 1.08 -0.70 -0.03 0.02 3.01 20 175 20
175 30 5. -0.55 1.42 -0.87 0.02 -0.01 3.11 20 175 30
175 40 5. -0.65 1.70 -1.04 0.04 -0.01 3.31 20 175 40
175 50 5. -0.73 1.97 -1.24 0.06 0.00 3.53 20 175 50
175 60 5. -0.77 2.25 -1.48 0.09 0.01 3.80 20 175 60
175 70 5. -0.77 2.52 -1.75 0.12 0.02 4.11 20 175 70
175 80 5. -0.72 2.79 -2.08 0.15 0.03 4.49 20 175 80
175 90 5. -0.60 3.08 -2.48 0.20 0.04 4.99 20 175 90
175 100 5. -0.39 3.39 -3.00 0.25 0.06 5.66 20 175 100
175 110 5. -0.02 3.78 -3.75 0.31 0.09 6.66 20 175 110
175 120 5. 0.60 4.43 -5.03 0.39 0.12 8.45 20 175 120
175 130 5. 0.13 0.50 -0.63 0.05 0.02 1.11 21 175 130
175 140 5. 0.08 0.39 -0.48 0.06 0.01 1.25 21 175 140
175 150 5. -0.09 0.12 -0.03 0.06 0.00 1.12 21 175 150
175 160 5. -2.58 -1.18 3.75 0.49 0.06 8.17 20 175 160
175 170 5. -3.55 -1.73 5.27 0.25 0.24 5.56 20 175 170
175 180 5. -4.12 -1.67 5.79 0.04 0.41 4.33 20 175 180
175 190 5. -4.10 -1.28 5.38 -0.17 0.53 4.37 20 175 190
175 200 5. -3.61 -1.38 4.99 -0.15 0.73 4.75 20 175 200
175 210 5. -3.10 -2.62 5.72 -0.09 0.84 5.35 20 175 210
175 220 5. -1.64 -4.99 6.64 -0.25 1.07 5.53 20 175 220
175 230 5. 0.39 -6.89 6.50 0.32 0.84 4.43 20 175 230
175 240 5. 1.29 -5.21 3.92 0.07 0.28 3.10 20 175 240
175 250 5. 1.40 -3.13 1.73 -0.16 0.17 2.02 20 175 250
175 260 5. 2.04 -2.30 0.25 -0.16 0.09 0.93 20 175 260
175 270 5. 2.83 -1.40 -1.43 -0.12 0.06 1.37 20 175 270
175 280 5. 2.80 -1.43 -1.37 -0.04 0.02 1.81 20 175 280
175 290 5. 2.64 -1.10 -1.54 -0.01 0.09 2.11 20 175 290
175 300 5. 2.12 -1.16 -0.96 0.03 0.08 2.25 20 175 300
175 310 5. 1.76 -0.97 -0.80 0.04 0.07 2.17 20 175 310
175 320 5. 1.46 -0.94 -0.51 0.05 0.06 2.18 20 175 320
175 330 5. 1.24 -0.83 -0.41 0.06 0.05 2.13 20 175 330
175 340 5. 1.04 -0.81 -0.23 0.06 0.04 2.11 20 175 340
175 350 5. 0.90 -0.78 -0.12 0.07 0.04 2.08 20 175 350
175 360 5. 0.77 -0.80 0.04 0.07 0.04 2.05 20 175 360
175 370 5. 0.68 -0.85 0.17 0.08 0.04 2.03 20 175 370
175 380 5. 0.57 -0.92 0.35 0.06 0.04 2.04 20 175 380
175 390 5. 0.27 -0.67 0.40 0.06 -0.16 2.45 20 175 390
175 400 5. -0.02 -0.28 0.30 0.11 -0.96 2.92 20 175 400
185 0 5. -0.07 0.25 -0.18 -0.04 2.51 6.74 20 185 0
185 10 5. -0.17 0.50 -0.33 -0.06 0.51 4.68 20 185 10
185 20 5. -0.36 0.90 -0.54 -0.05 0.05 3.46 20 185 20
185 30 5. -0.53 1.26 -0.73 -0.02 0.01 3.58 20 185 30
185 40 5. -0.66 1.56 -0.90 0.00 0.00 3.83 20 185 40
185 50 5. -0.75 1.84 -1.09 0.03 0.01 4.11 20 185 50
185 60 5. -0.81 2.11 -1.30 0.05 0.02 4.45 20 185 60
185 70 5. -0.83 2.35 -1.52 0.08 0.03 4.84 20 185 70
185 80 5. -0.79 2.57 -1.78 0.12 0.04 5.31 20 185 80
185 90 5. -0.69 2.77 -2.08 0.15 0.06 5.90 20 185 90
185 100 5. -0.49 2.95 -2.46 0.20 0.09 6.66 20 185 100
185 110 5. -0.15 3.12 -2.98 0.26 0.11 7.73 20 185 110
185 120 5. 0.04 0.33 -0.37 0.03 0.01 0.95 21 185 120
185 130 5. 0.11 0.33 -0.44 0.04 0.03 1.19 21 185 130
185 140 5. 0.13 0.21 -0.34 0.05 0.03 1.37 21 185 140
185 150 5. 0.06 -0.03 -0.03 0.05 0.01 1.35 21 185 150
185 160 5. -0.06 -0.32 0.38 0.05 -0.01 1.17 21 185 160
185 170 5. -0.19 -0.48 0.67 0.04 -0.01 0.86 21 185 170
185 180 5. -2.48 -5.62 8.10 0.39 -0.13 6.69 20 185 180
185 190 5. -2.66 -5.52 8.18 0.22 0.01 5.25 20 185 190
185 200 5. -2.35 -5.15 7.50 -0.09 -0.03 4.29 20 185 200
185 210 5. -1.52 -4.81 6.33 -0.24 -0.37 3.60 20 185 210
185 220 5. -0.55 -4.13 4.68 -0.25 -0.33 3.10 20 185 220
185 230 5. 0.09 -3.79 3.70 -0.34 -0.16 2.72 20 185 230
185 240 5. 0.65 -2.88 2.23 -0.39 -0.04 2.02 20 185 240
185 250 5. 1.20 -2.20 1.00 -0.21 0.06 1.42 20 185 250
185 260 5. 1.86 -1.58 -0.28 -0.06 0.05 0.99 20 185 260
185 270 5. 2.27 -0.82 -1.45 -0.03 0.04 1.32 20 185 270
185 280 5. 2.33 -0.72 -1.60 -0.01 0.02 1.87 20 185 280
185 290 5. 2.20 -0.67 -1.54 0.02 0.04 2.27 20 185 290
185 300 5. 1.89 -0.78 -1.11 0.02 0.04 2.46 20 185 300
185 310 5. 1.60 -0.78 -0.82 0.03 0.04 2.47 20 185 310
185 320 5. 1.34 -0.78 -0.56 0.04 0.03 2.43 20 185 320
185 330 5. 1.14 -0.74 -0.40 0.05 0.03 2.38 20 185 330
185 340 5. 0.96 -0.73 -0.24 0.06 0.02 2.34 20 185 340
185 350 5. 0.82 -0.72 -0.10 0.07 0.02 2.30 20 185 350
185 360 5. 0.70 -0.75 0.05 0.07 0.03 2.26 20 185 360
185 370 5. 0.60 -0.80 0.19 0.07 0.03 2.21 20 185 370
185 380 5. 0.46 -0.81 0.35 0.02 0.02 2.21 20 185 380
185 390 5. 0.18 -0.56 0.38 -0.03 -0.33 2.86 20 185 390
185 400 5. -0.03 -0.24 0.27 -0.01 -1.60 3.79 20 185 400
195 0 5. -0.10 0.19 -0.08 -0.05 2.66 7.68 20 195 0
195 10 5. -0.19 0.37 -0.17 -0.06 0.54 5.32 20 195 10
195 20 5. -0.36 0.72 -0.35 -0.06 0.06 3.89 20 195 20
195 30 5. -0.53 1.08 -0.54 -0.04 0.02 3.99 20 195 30
195 40 5. -0.67 1.39 -0.72 -0.02 0.01 4.25 20 195 40
195 50 5. -0.78 1.67 -0.89 0.01 0.01 4.57 20 195 50
195 60 5. -0.86 1.91 -1.05 0.03 0.02 4.95 20 195 60
195 70 5. -0.89 2.11 -1.22 0.06 0.03 5.39 20 195 70
195 80 5. -0.88 2.28 -1.39 0.09 0.05 5.90 20 195 80
195 90 5. -0.82 2.41 -1.59 0.11 0.08 6.52 20 195 90
195 100 5. -0.66 2.49 -1.83 0.17 0.11 7.33 20 195 100
195 110 5. -0.39 2.49 -2.10 0.23 0.14 8.39 20 195 110
195 120 5. 0.00 0.24 -0.24 0.03 0.02 0.99 21 195 120
195 130 5. 0.05 0.20 -0.25 0.04 0.03 1.20 21 195 130
195 140 5. 0.08 0.08 -0.16 0.04 0.05 1.36 21 195 140
195 150 5. 0.06 -0.11 0.04 0.04 0.05 1.39 21 195 150
195 160 5. -0.02 -0.35 0.37 0.03 0.04 1.25 21 195 160
195 170 5. -0.11 -0.52 0.63 0.04 0.02 1.03 21 195 170
195 180 5. -0.16 -0.65 0.81 0.04 0.02 0.85 21 195 180
195 190 5. -0.17 -0.69 0.86 0.04 0.01 0.65 21 195 190
195 200 5. -1.23 -6.03 7.26 0.13 0.06 4.25 20 195 200
195 210 5. -0.62 -4.44 5.07 -0.05 0.02 2.65 20 195 210
195 220 5. -0.21 -3.40 3.61 -0.09 -0.02 2.00 20 195 220
195 230 5. 0.11 -2.80 2.69 -0.09 0.02 1.63 20 195 230
195 240 5. 0.46 -2.28 1.82 -0.10 0.11 1.23 20 195 240
195 250 5. 1.01 -1.88 0.87 -0.10 0.14 1.07 20 195 250
195 260 5. 1.50 -1.19 -0.31 -0.05 0.11 1.15 20 195 260
195 270 5. 1.70 -0.57 -1.13 -0.02 0.10 1.43 20 195 270
195 280 5. 1.76 -0.30 -1.46 -0.02 0.09 1.93 20 195 280
195 290 5. 1.68 -0.32 -1.37 -0.02 0.08 2.36 20 195 290
195 300 5. 1.53 -0.41 -1.12 -0.01 0.07 2.61 20 195 300
195 310 5. 1.34 -0.50 -0.84 -0.00 0.06 2.69 20 195 310
195 320 5. 1.15 -0.55 -0.60 0.01 0.05 2.69 20 195 320
195 330 5. 0.99 -0.57 -0.42 0.02 0.04 2.66 20 195 330
195 340 5. 0.85 -0.59 -0.26 0.02 0.04 2.61 20 195 340
195 350 5. 0.72 -0.61 -0.12 0.03 0.03 2.56 20 195 350
195 360 5. 0.61 -0.63 0.03 0.03 0.03 2.49 20 195 360
195 370 5. 0.49 -0.66 0.17 0.02 0.03 2.42 20 195 370
195 380 5. 0.33 -0.63 0.30 -0.02 -0.01 2.41 20 195 380
195 390 5. 0.11 -0.43 0.32 -0.05 -0.47 3.34 20 195 390
195 400 5. -0.02 -0.20 0.22 -0.02 -2.29 4.89 20 195 400
205 0 5. -0.13 0.13 -0.00 -0.06 2.64 8.29 20 205 0
205 10 5. -0.22 0.25 -0.03 -0.06 0.54 5.85 20 205 10
205 20 5. -0.38 0.55 -0.17 -0.06 0.06 4.29 20 205 20
205 30 5. -0.55 0.90 -0.35 -0.05 0.02 4.36 20 205 30
205 40 5. -0.71 1.21 -0.51 -0.03 0.02 4.62 20 205 40
205 50 5. -0.83 1.47 -0.64 -0.01 0.02 4.96 20 205 50
205 60 5. -0.91 1.69 -0.78 0.02 0.03 5.34 20 205 60
205 70 5. -0.96 1.86 -0.89 0.04 0.03 5.79 20 205 70
205 80 5. -0.99 1.95 -0.96 0.06 0.05 6.30 20 205 80
205 90 5. -0.98 2.03 -1.04 0.05 0.09 6.94 20 205 90
205 100 5. -0.88 2.03 -1.15 0.16 0.10 7.75 20 205 100
205 110 5. -0.70 1.89 -1.19 0.18 0.14 8.73 20 205 110
205 120 5. -0.04 0.16 -0.12 0.02 0.02 1.00 21 205 120
205 130 5. -0.01 0.10 -0.08 0.03 0.03 1.16 21 205 130
205 140 5. 0.00 -0.02 0.02 0.03 0.05 1.28 21 205 140
205 150 5. -0.01 -0.18 0.19 0.03 0.05 1.30 21 205 150
205 160 5. -0.05 -0.33 0.39 0.03 0.04 1.22 21 205 160
205 170 5. -0.11 -0.48 0.59 0.03 0.03 1.07 21 205 170
205 180 5. -0.15 -0.60 0.76 0.03 0.02 0.94 21 205 180
205 190 5. -0.16 -0.66 0.82 0.03 0.02 0.73 21 205 190
205 200 5. -1.08 -5.64 6.72 0.14 0.23 4.74 20 205 200
205 210 5. -0.61 -4.41 5.02 0.05 0.21 3.04 20 205 210
205 220 5. -0.26 -3.40 3.65 0.01 0.16 2.11 20 205 220
205 230 5. 0.04 -2.73 2.70 0.01 0.14 1.63 20 205 230
205 240 5. 0.33 -2.27 1.94 0.01 0.16 1.29 20 205 240
205 250 5. 0.69 -1.82 1.13 -0.02 0.17 1.17 20 205 250
205 260 5. 1.11 -1.28 0.17 -0.04 0.17 1.38 20 205 260
205 270 5. 1.27 -0.63 -0.64 -0.04 0.13 1.65 20 205 270
205 280 5. 1.30 -0.28 -1.02 -0.04 0.11 1.98 20 205 280
205 290 5. 1.25 -0.19 -1.06 -0.03 0.09 2.31 20 205 290
205 300 5. 1.17 -0.23 -0.95 -0.03 0.08 2.57 20 205 300
205 310 5. 1.07 -0.30 -0.77 -0.02 0.07 2.71 20 205 310
205 320 5. 0.94 -0.36 -0.58 -0.01 0.06 2.77 20 205 320
205 330 5. 0.83 -0.41 -0.42 -0.00 0.05 2.76 20 205 330
205 340 5. 0.72 -0.45 -0.27 -0.00 0.04 2.73 20 205 340
205 350 5. 0.61 -0.48 -0.14 0.00 0.04 2.68 20 205 350
205 360 5. 0.51 -0.50 -0.01 0.00 0.03 2.61 20 205 360
205 370 5. 0.40 -0.52 0.12 -0.01 0.02 2.54 20 205 370
205 380 5. 0.26 -0.46 0.20 -0.03 -0.03 2.54 20 205 380
205 390 5. 0.10 -0.30 0.20 -0.04 -0.54 3.67 20 205 390
205 400 5. -0.00 -0.14 0.14 -0.01 -2.71 5.72 20 205 400
215 0 5. -0.14 0.09 0.06 -0.07 2.49 8.61 20 215 0
215 10 5. -0.24 0.15 0.09 -0.07 0.52 6.23 20 215 10
215 20 5. -0.41 0.41 -0.00 -0.07 0.06 4.64 20 215 20
215 30 5. -0.59 0.73 -0.15 -0.06 0.03 4.70 20 215 30
215 40 5. -0.75 1.02 -0.27 -0.04 0.02 4.95 20 215 40
215 50 5. -0.89 1.27 -0.38 -0.02 0.03 5.28 20 215 50
215 60 5. -0.99 1.46 -0.47 0.00 0.04 5.66 20 215 60
215 70 5. -1.05 1.61 -0.56 0.03 0.05 6.10 20 215 70
215 80 5. -1.13 1.62 -0.50 0.03 0.07 6.59 20 215 80
215 90 5. -1.13 1.63 -0.50 0.06 0.08 7.18 20 215 90
215 100 5. -1.09 1.56 -0.48 0.13 0.08 7.95 20 215 100
215 110 5. -1.00 1.35 -0.35 0.12 0.13 8.82 20 215 110
215 120 5. -0.87 0.97 -0.10 0.17 0.20 9.86 20 215 120
215 130 5. -0.07 0.03 0.04 0.02 0.03 1.11 21 215 130
215 140 5. -0.06 -0.07 0.13 0.02 0.04 1.20 21 215 140
215 150 5. -0.06 -0.20 0.27 0.02 0.04 1.24 21 215 150
215 160 5. -0.09 -0.33 0.42 0.02 0.04 1.18 21 215 160
215 170 5. -0.13 -0.45 0.58 0.02 0.03 1.08 21 215 170
215 180 5. -0.15 -0.55 0.70 0.02 0.02 0.94 21 215 180
215 190 5. -1.47 -5.83 7.30 0.17 0.22 7.38 20 215 190
215 200 5. -1.09 -5.17 6.26 0.10 0.22 5.12 20 215 200
215 210 5. -0.71 -4.24 4.96 0.07 0.20 3.54 20 215 210
215 220 5. -0.41 -3.40 3.80 0.03 0.18 2.55 20 215 220
215 230 5. -0.15 -2.74 2.89 0.03 0.17 1.96 20 215 230
215 240 5. 0.10 -2.23 2.13 0.02 0.16 1.61 20 215 240
215 250 5. 0.36 -1.77 1.41 -0.00 0.17 1.45 20 215 250
215 260 5. 0.62 -1.29 0.67 -0.02 0.17 1.55 20 215 260
215 270 5. 0.81 -0.76 -0.05 -0.03 0.15 1.79 20 215 270
215 280 5. 0.87 -0.39 -0.48 -0.04 0.12 2.01 20 215 280
215 290 5. 0.87 -0.21 -0.66 -0.03 0.10 2.26 20 215 290
215 300 5. 0.85 -0.17 -0.68 -0.03 0.09 2.49 20 215 300
215 310 5. 0.80 -0.19 -0.61 -0.02 0.07 2.65 20 215 310
215 320 5. 0.73 -0.23 -0.50 -0.02 0.06 2.74 20 215 320
215 330 5. 0.66 -0.28 -0.38 -0.01 0.05 2.77 20 215 330
215 340 5. 0.58 -0.33 -0.25 -0.01 0.04 2.76 20 215 340
215 350 5. 0.50 -0.36 -0.14 -0.01 0.04 2.72 20 215 350
215 360 5. 0.41 -0.37 -0.04 -0.01 0.03 2.66 20 215 360
215 370 5. 0.32 -0.37 0.05 -0.02 0.01 2.60 20 215 370
215 380 5. 0.21 -0.31 0.10 -0.03 -0.05 2.63 20 215 380
215 390 5. 0.09 -0.18 0.09 -0.03 -0.57 3.93 20 215 390
215 400 5. 0.02 -0.07 0.05 -0.01 -2.95 6.31 20 215 400
225 0 5. -0.15 0.05 0.11 -0.07 2.26 8.66 20 225 0
225 10 5. -0.25 0.06 0.19 -0.07 0.48 6.45 20 225 10
225 20 5. -0.43 0.28 0.15 -0.07 0.06 4.94 20 225 20
225 30 5. -0.62 0.57 0.05 -0.07 0.03 4.98 20 225 30
225 40 5. -0.80 0.84 -0.04 -0.05 0.02 5.21 20 225 40
225 50 5. -0.96 1.05 -0.10 -0.03 0.03 5.53 20 225 50
225 60 5. -1.09 1.21 -0.11 -0.02 0.05 5.90 20 225 60
225 70 5. -1.20 1.29 -0.09 0.01 0.08 6.33 20 225 70
225 80 5. -1.25 1.33 -0.08 0.03 0.08 6.74 20 225 80
225 90 5. -1.27 1.29 -0.02 0.06 0.08 7.30 20 225 90
225 100 5. -1.26 1.15 0.12 0.08 0.11 7.99 20 225 100
225 110 5. -1.25 0.91 0.34 0.09 0.14 8.74 20 225 110
225 120 5. -1.21 0.53 0.68 0.11 0.18 9.55 20 225 120
225 130 5. -0.11 -0.01 0.13 0.01 0.02 1.05 21 225 130
225 140 5. -0.11 -0.10 0.21 0.01 0.03 1.13 21 225 140
225 150 5. -0.11 -0.22 0.33 0.02 0.04 1.17 21 225 150
225 160 5. -0.13 -0.32 0.46 0.01 0.04 1.13 21 225 160
225 170 5. -0.15 -0.42 0.58 0.01 0.03 1.05 21 225 170
225 180 5. -0.16 -0.50 0.66 0.01 0.03 0.92 21 225 180
225 190 5. -1.50 -5.16 6.66 0.11 0.26 7.27 20 225 190
225 200 5. -1.18 -4.65 5.83 0.08 0.23 5.31 20 225 200
225 210 5. -0.87 -3.98 4.85 0.07 0.22 3.92 20 225 210
225 220 5. -0.59 -3.29 3.88 0.03 0.20 2.94 20 225 220
225 230 5. -0.36 -2.69 3.05 0.03 0.18 2.34 20 225 230
225 240 5. -0.14 -2.20 2.34 0.02 0.17 1.94 20 225 240
225 250 5. 0.07 -1.75 1.68 0.00 0.17 1.73 20 225 250
225 260 5. 0.25 -1.29 1.04 -0.00 0.17 1.75 20 225 260
225 270 5. 0.41 -0.85 0.45 -0.03 0.15 1.90 20 225 270
225 280 5. 0.49 -0.53 0.04 -0.03 0.13 2.06 20 225 280
225 290 5. 0.55 -0.29 -0.25 -0.02 0.11 2.26 20 225 290
225 300 5. 0.56 -0.19 -0.38 -0.02 0.09 2.44 20 225 300
225 310 5. 0.55 -0.15 -0.40 -0.02 0.08 2.59 20 225 310
225 320 5. 0.52 -0.16 -0.36 -0.01 0.07 2.69 20 225 320
225 330 5. 0.49 -0.20 -0.30 -0.00 0.06 2.74 20 225 330
225 340 5. 0.44 -0.23 -0.21 -0.01 0.05 2.75 20 225 340
225 350 5. 0.39 -0.25 -0.14 -0.01 0.04 2.73 20 225 350
225 360 5. 0.33 -0.26 -0.07 -0.01 0.03 2.68 20 225 360
225 370 5. 0.26 -0.25 -0.01 -0.02 0.01 2.64 20 225 370
225 380 5. 0.17 -0.19 0.02 -0.02 -0.05 2.70 20 225 380
225 390 5. 0.08 -0.09 0.01 -0.02 -0.60 4.15 20 225 390
225 400 5. 0.03 -0.02 -0.01 -0.01 -3.04 6.62 20 225 400
235 0 5. -0.16 0.00 0.16 -0.08 1.96 8.48 20 235 0
235 10 5. -0.27 -0.02 0.29 -0.08 0.42 6.54 20 235 10
235 20 5. -0.46 0.17 0.29 -0.08 0.05 5.17 20 235 20
235 30 5. -0.65 0.42 0.23 -0.08 0.02 5.18 20 235 30
235 40 5. -0.84 0.66 0.18 -0.06 0.02 5.39 20 235 40
235 50 5. -1.02 0.85 0.17 -0.05 0.03 5.68 20 235 50
235 60 5. -1.17 0.97 0.20 -0.03 0.04 6.03 20 235 60
235 70 5. -1.29 1.05 0.24 -0.01 0.05 6.41 20 235 70
235 80 5. -1.36 1.08 0.28 0.03 0.07 6.82 20 235 80
235 90 5. -1.41 0.99 0.42 0.05 0.08 7.34 20 235 90
235 100 5. -1.45 0.81 0.64 0.05 0.10 7.92 20 235 100
235 110 5. -1.49 0.56 0.93 0.06 0.14 8.54 20 235 110
235 120 5. -1.51 0.19 1.32 0.07 0.19 9.18 20 235 120
235 130 5. -1.54 -0.40 1.94 0.12 0.18 9.79 20 235 130
235 140 5. -0.16 -0.13 0.28 0.01 0.02 1.04 21 235 140
235 150 5. -0.16 -0.22 0.38 0.01 0.03 1.06 21 235 150
235 160 5. -0.18 -0.31 0.48 0.01 0.03 1.04 21 235 160
235 170 5. -0.19 -0.38 0.57 0.01 0.03 0.97 21 235 170
235 180 5. -0.19 -0.44 0.62 0.01 0.03 0.86 21 235 180
235 190 5. -1.68 -4.52 6.21 0.08 0.23 7.07 20 235 190
235 200 5. -1.37 -4.21 5.58 0.07 0.20 5.42 20 235 200
235 210 5. -1.08 -3.72 4.80 0.05 0.20 4.21 20 235 210
235 220 5. -0.84 -3.16 4.00 0.02 0.21 3.31 20 235 220
235 230 5. -0.62 -2.63 3.25 0.03 0.20 2.69 20 235 230
235 240 5. -0.41 -2.17 2.58 0.03 0.18 2.26 20 235 240
235 250 5. -0.23 -1.73 1.96 -0.01 0.17 2.02 20 235 250
235 260 5. -0.08 -1.30 1.38 0.03 0.20 1.97 20 235 260
235 270 5. 0.06 -0.92 0.87 -0.01 0.15 2.05 20 235 270
235 280 5. 0.16 -0.64 0.48 -0.00 0.13 2.15 20 235 280
235 290 5. 0.23 -0.40 0.18 -0.02 0.12 2.31 20 235 290
235 300 5. 0.28 -0.24 -0.04 -0.00 0.11 2.45 20 235 300
235 310 5. 0.31 -0.17 -0.14 -0.01 0.08 2.57 20 235 310
235 320 5. 0.32 -0.14 -0.18 -0.01 0.06 2.66 20 235 320
235 330 5. 0.32 -0.14 -0.18 0.01 0.05 2.72 20 235 330
235 340 5. 0.31 -0.17 -0.14 -0.00 0.04 2.75 20 235 340
235 350 5. 0.29 -0.17 -0.12 -0.00 0.03 2.73 20 235 350
235 360 5. 0.25 -0.17 -0.09 -0.01 0.02 2.70 20 235 360
235 370 5. 0.21 -0.15 -0.06 -0.01 -0.00 2.67 20 235 370
235 380 5. 0.14 -0.10 -0.04 -0.02 -0.05 2.75 20 235 380
235 390 5. 0.07 -0.03 -0.04 -0.02 -0.62 4.29 20 235 390
235 400 5. 0.04 -0.01 -0.03 -0.01 -3.05 6.76 20 235 400
245 0 5. -0.16 -0.03 0.19 -0.08 1.63 8.09 20 245 0
245 10 5. -0.28 -0.08 0.35 -0.08 0.36 6.51 20 245 10
245 20 5. -0.47 0.07 0.40 -0.08 0.04 5.31 20 245 20
245 30 5. -0.67 0.29 0.38 -0.08 0.02 5.32 20 245 30
245 40 5. -0.87 0.50 0.37 -0.07 0.01 5.50 20 245 40
245 50 5. -1.06 0.66 0.40 -0.06 0.02 5.76 20 245 50
245 60 5. -1.22 0.77 0.45 -0.04 0.02 6.07 20 245 60
245 70 5. -1.36 0.83 0.53 -0.02 0.03 6.43 20 245 70
245 80 5. -1.47 0.82 0.64 0.01 0.05 6.82 20 245 80
245 90 5. -1.56 0.70 0.86 0.05 0.08 7.34 20 245 90
245 100 5. -1.63 0.50 1.14 0.02 0.10 7.79 20 245 100
245 110 5. -1.72 0.25 1.48 0.03 0.13 8.24 20 245 110
245 120 5. -1.80 -0.11 1.91 0.05 0.17 8.71 20 245 120
245 130 5. -1.87 -0.65 2.52 0.09 0.19 9.19 20 245 130
245 140 5. -1.93 -1.43 3.36 0.06 0.22 9.57 20 245 140
245 150 5. -0.20 -0.21 0.42 0.00 0.02 0.96 21 245 150
245 160 5. -0.21 -0.28 0.49 0.00 0.02 0.94 21 245 160
245 170 5. -2.11 -3.40 5.52 0.05 0.24 8.79 20 245 170
245 180 5. -2.06 -3.82 5.88 0.06 0.23 7.90 20 245 180
245 190 5. -1.91 -3.98 5.89 0.07 0.22 6.82 20 245 190
245 200 5. -1.64 -3.85 5.49 0.05 0.23 5.56 20 245 200
245 210 5. -1.40 -3.50 4.90 0.05 0.23 4.52 20 245 210
245 220 5. -1.14 -3.02 4.17 0.00 0.20 3.62 20 245 220
245 230 5. -0.94 -2.54 3.48 0.03 0.18 3.03 20 245 230
245 240 5. -0.73 -2.14 2.88 0.04 0.18 2.61 20 245 240
245 250 5. -0.54 -1.72 2.26 -0.01 0.16 2.31 20 245 250
245 260 5. -0.41 -1.30 1.71 0.00 0.13 2.24 20 245 260
245 270 5. -0.26 -0.98 1.24 0.01 0.14 2.24 20 245 270
245 280 5. -0.14 -0.72 0.86 0.01 0.12 2.28 20 245 280
245 290 5. -0.05 -0.48 0.54 -0.01 0.10 2.39 20 245 290
245 300 5. 0.01 -0.31 0.30 0.01 0.09 2.52 20 245 300
245 310 5. 0.08 -0.21 0.13 0.01 0.08 2.60 20 245 310
245 320 5. 0.13 -0.15 0.02 0.01 0.07 2.68 20 245 320
245 330 5. 0.17 -0.12 -0.04 0.01 0.05 2.74 20 245 330
245 340 5. 0.20 -0.11 -0.08 0.01 0.04 2.76 20 245 340
245 350 5. 0.20 -0.11 -0.10 0.00 0.03 2.75 20 245 350
245 360 5. 0.19 -0.09 -0.10 -0.00 0.02 2.73 20 245 360
245 370 5. 0.17 -0.06 -0.10 -0.01 -0.00 2.71 20 245 370
245 380 5. 0.12 -0.03 -0.10 -0.02 -0.05 2.79 20 245 380
245 390 5. 0.07 0.01 -0.08 -0.02 -0.62 4.34 20 245 390
245 400 5. 0.04 0.01 -0.04 -0.01 -3.02 6.78 20 245 400
255 0 5. -0.16 -0.05 0.21 -0.08 1.29 7.60 20 255 0
255 10 5. -0.28 -0.12 0.40 -0.08 0.29 6.38 20 255 10
255 20 5. -0.48 -0.01 0.49 -0.08 0.03 5.39 20 255 20
255 30 5. -0.68 0.18 0.50 -0.08 0.01 5.40 20 255 30
255 40 5. -0.89 0.36 0.53 -0.07 0.00 5.55 20 255 40
255 50 5. -1.08 0.50 0.58 -0.06 0.01 5.78 20 255 50
255 60 5. -1.25 0.58 0.67 -0.04 0.01 6.07 20 255 60
255 70 5. -1.41 0.61 0.80 -0.03 0.02 6.39 20 255 70
255 80 5. -1.55 0.57 0.98 -0.02 0.04 6.76 20 255 80
255 90 5. -1.68 0.43 1.25 0.01 0.07 7.19 20 255 90
255 100 5. -1.80 0.22 1.58 -0.00 0.09 7.54 20 255 100
255 110 5. -1.93 -0.03 1.96 0.00 0.10 7.89 20 255 110
255 120 5. -2.05 -0.37 2.42 0.03 0.12 8.26 20 255 120
255 130 5. -2.14 -0.87 3.01 0.05 0.16 8.63 20 255 130
255 140 5. -2.22 -1.48 3.70 0.04 0.20 8.82 20 255 140
255 150 5. -2.30 -2.05 4.35 0.03 0.21 8.80 20 255 150
255 160 5. -2.36 -2.60 4.96 0.03 0.22 8.54 20 255 160
255 170 5. -2.37 -3.07 5.44 0.04 0.22 8.08 20 255 170
255 180 5. -2.30 -3.42 5.73 0.05 0.22 7.41 20 255 180
255 190 5. -2.16 -3.58 5.74 0.05 0.23 6.56 20 255 190
255 200 5. -1.95 -3.49 5.44 0.03 0.24 5.57 20 255 200
255 210 5. -1.73 -3.24 4.96 0.04 0.23 4.70 20 255 210
255 220 5. -1.48 -2.86 4.34 0.02 0.20 3.91 20 255 220
255 230 5. -1.27 -2.45 3.72 0.03 0.18 3.36 20 255 230
255 240 5. -1.06 -2.09 3.15 0.04 0.18 2.96 20 255 240
255 250 5. -0.86 -1.71 2.57 0.02 0.17 2.65 20 255 250
255 260 5. -0.68 -1.33 2.02 0.01 0.16 2.50 20 255 260
255 270 5. -0.54 -1.04 1.58 0.02 0.15 2.46 20 255 270
255 280 5. -0.41 -0.78 1.19 0.02 0.14 2.46 20 255 280
255 290 5. -0.29 -0.55 0.85 0.01 0.12 2.52 20 255 290
255 300 5. -0.20 -0.38 0.57 0.02 0.10 2.62 20 255 300
255 310 5. -0.11 -0.26 0.37 0.02 0.08 2.69 20 255 310
255 320 5. -0.03 -0.18 0.21 0.02 0.07 2.76 20 255 320
255 330 5. 0.04 -0.12 0.08 0.02 0.06 2.80 20 255 330
255 340 5. 0.09 -0.09 -0.00 0.02 0.05 2.82 20 255 340
255 350 5. 0.13 -0.06 -0.07 0.02 0.03 2.81 20 255 350
255 360 5. 0.14 -0.02 -0.12 0.01 0.01 2.78 20 255 360
255 370 5. 0.14 0.02 -0.15 0.00 -0.01 2.76 20 255 370
255 380 5. 0.11 0.05 -0.17 -0.01 -0.06 2.82 20 255 380
255 390 5. 0.07 0.07 -0.13 -0.02 -0.61 4.33 20 255 390
255 400 5. 0.04 0.04 -0.08 -0.02 -2.94 6.66 20 255 400
265 0 5. -0.15 -0.06 0.21 -0.08 0.97 7.06 20 265 0
265 10 5. -0.27 -0.15 0.43 -0.08 0.22 6.18 20 265 10
265 20 5. -0.48 -0.07 0.55 -0.08 0.02 5.41 20 265 20
265 30 5. -0.68 0.09 0.59 -0.08 0.00 5.42 20 265 30
265 40 5. -0.88 0.24 0.64 -0.07 -0.00 5.55 20 265 40
265 50 5. -1.07 0.35 0.73 -0.06 -0.00 5.75 20 265 50
265 60 5. -1.25 0.40 0.85 -0.05 -0.00 6.00 20 265 60
265 70 5. -1.42 0.40 1.03 -0.04 0.01 6.28 20 265 70
265 80 5. -1.59 0.34 1.25 -0.03 0.02 6.59 20 265 80
265 90 5. -1.75 0.21 1.54 -0.02 0.04 6.93 20 265 90
265 100 5. -1.91 0.02 1.89 -0.01 0.06 7.24 20 265 100
265 110 5. -2.06 -0.22 2.28 -0.01 0.08 7.52 20 265 110
265 120 5. -2.20 -0.55 2.75 0.01 0.10 7.81 20 265 120
265 130 5. -2.33 -0.98 3.32 0.02 0.13 8.06 20 265 130
265 140 5. -2.45 -1.47 3.92 0.02 0.15 8.17 20 265 140
265 150 5. -2.55 -1.96 4.50 0.01 0.17 8.12 20 265 150
265 160 5. -2.62 -2.41 5.02 0.02 0.19 7.92 20 265 160
265 170 5. -2.63 -2.80 5.43 0.03 0.20 7.56 20 265 170
265 180 5. -2.58 -3.09 5.68 0.03 0.21 7.03 20 265 180
265 190 5. -2.46 -3.23 5.69 0.03 0.22 6.32 20 265 190
265 200 5. -2.29 -3.17 5.46 0.03 0.22 5.55 20 265 200
265 210 5. -2.08 -2.99 5.06 0.03 0.21 4.82 20 265 210
265 220 5. -1.84 -2.70 4.54 0.03 0.20 4.17 20 265 220
265 230 5. -1.60 -2.36 3.97 0.03 0.18 3.66 20 265 230
265 240 5. -1.38 -2.03 3.41 0.03 0.17 3.26 20 265 240
265 250 5. -1.17 -1.70 2.87 0.03 0.16 2.97 20 265 250
265 260 5. -0.99 -1.36 2.35 0.02 0.15 2.78 20 265 260
265 270 5. -0.82 -1.08 1.90 0.02 0.13 2.71 20 265 270
265 280 5. -0.67 -0.84 1.51 0.03 0.13 2.69 20 265 280
265 290 5. -0.53 -0.62 1.15 0.03 0.11 2.71 20 265 290
265 300 5. -0.40 -0.45 0.84 0.02 0.10 2.76 20 265 300
265 310 5. -0.29 -0.32 0.60 0.03 0.08 2.81 20 265 310
265 320 5. -0.18 -0.22 0.40 0.03 0.07 2.86 20 265 320
265 330 5. -0.09 -0.14 0.23 0.03 0.05 2.90 20 265 330
265 340 5. -0.01 -0.08 0.09 0.03 0.04 2.91 20 265 340
265 350 5. 0.06 -0.03 -0.03 0.02 0.02 2.90 20 265 350
265 360 5. 0.11 0.04 -0.15 0.01 0.01 2.86 20 265 360
265 370 5. 0.13 0.11 -0.24 0.00 -0.02 2.82 20 265 370
265 380 5. 0.12 0.17 -0.29 -0.01 -0.07 2.84 20 265 380
265 390 5. 0.08 0.15 -0.23 -0.03 -0.59 4.21 20 265 390
265 400 5. 0.04 0.09 -0.13 -0.02 -2.80 6.35 20 265 400
275 0 5. -0.14 -0.07 0.21 -0.07 0.67 6.51 20 275 0
275 10 5. -0.27 -0.18 0.44 -0.08 0.16 5.93 20 275 10
275 20 5. -0.47 -0.12 0.59 -0.08 0.01 5.40 20 275 20
275 30 5. -0.67 0.02 0.65 -0.08 -0.00 5.41 20 275 30
275 40 5. -0.86 0.14 0.72 -0.07 -0.01 5.52 20 275 40
275 50 5. -1.04 0.22 0.83 -0.06 -0.02 5.69 20 275 50
275 60 5. -1.22 0.25 0.97 -0.05 -0.02 5.91 20 275 60
275 70 5. -1.40 0.23 1.17 -0.04 -0.01 6.15 20 275 70
275 80 5. -1.57 0.16 1.41 -0.03 -0.01 6.42 20 275 80
275 90 5. -1.76 0.04 1.72 -0.02 0.01 6.69 20 275 90
275 100 5. -1.94 -0.14 2.08 -0.02 0.02 6.95 20 275 100
275 110 5. -2.13 -0.37 2.50 -0.01 0.04 7.19 20 275 110
275 120 5. -2.30 -0.67 2.97 0.01 0.06 7.41 20 275 120
275 130 5. -2.47 -1.04 3.50 0.01 0.09 7.58 20 275 130
275 140 5. -2.61 -1.44 4.04 0.01 0.11 7.63 20 275 140
275 150 5. -2.73 -1.84 4.57 0.01 0.12 7.58 20 275 150
275 160 5. -2.83 -2.22 5.05 0.01 0.14 7.40 20 275 160
275 170 5. -2.88 -2.54 5.42 0.03 0.16 7.12 20 275 170
275 180 5. -2.87 -2.79 5.66 0.01 0.18 6.71 20 275 180
275 190 5. -2.79 -2.91 5.70 0.02 0.22 6.13 20 275 190
275 200 5. -2.65 -2.89 5.53 0.03 0.20 5.53 20 275 200
275 210 5. -2.44 -2.75 5.19 0.03 0.19 4.93 20 275 210
275 220 5. -2.20 -2.53 4.73 0.03 0.18 4.38 20 275 220
275 230 5. -1.96 -2.26 4.22 0.03 0.18 3.91 20 275 230
275 240 5. -1.72 -1.97 3.69 0.02 0.17 3.52 20 275 240
275 250 5. -1.49 -1.67 3.16 0.02 0.16 3.23 20 275 250
275 260 5. -1.28 -1.38 2.66 0.01 0.14 3.03 20 275 260
275 270 5. -1.09 -1.12 2.21 0.01 0.13 2.92 20 275 270
275 280 5. -0.92 -0.89 1.81 0.01 0.12 2.87 20 275 280
275 290 5. -0.75 -0.69 1.44 0.01 0.11 2.86 20 275 290
275 300 5. -0.59 -0.52 1.11 0.01 0.09 2.88 20 275 300
275 310 5. -0.45 -0.38 0.83 0.01 0.08 2.91 20 275 310
275 320 5. -0.32 -0.27 0.59 0.01 0.06 2.95 20 275 320
275 330 5. -0.20 -0.18 0.37 0.01 0.05 2.97 20 275 330
275 340 5. -0.08 -0.09 0.17 0.01 0.03 2.98 20 275 340
275 350 5. 0.01 0.00 -0.01 0.00 0.01 2.97 20 275 350
275 360 5. 0.09 0.11 -0.20 -0.01 -0.00 2.94 20 275 360
275 370 5. 0.15 0.23 -0.38 -0.02 -0.03 2.88 20 275 370
275 380 5. 0.16 0.35 -0.51 -0.03 -0.08 2.84 20 275 380
275 390 5. 0.11 0.33 -0.44 -0.05 -0.56 3.92 20 275 390
275 400 5. 0.06 0.19 -0.25 -0.04 -2.56 5.66 20 275 400
285 0 5. -0.14 -0.07 0.21 -0.07 0.39 5.97 20 285 0
285 10 5. -0.26 -0.19 0.45 -0.08 0.10 5.65 20 285 10
285 20 5. -0.46 -0.16 0.62 -0.08 0.01 5.33 20 285 20
285 30 5. -0.64 -0.05 0.69 -0.07 -0.01 5.37 20 285 30
285 40 5. -0.81 0.03 0.77 -0.05 -0.02 5.49 20 285 40
285 50 5. -0.98 0.08 0.89 -0.03 -0.03 5.68 20 285 50
285 60 5. -1.15 0.09 1.06 -0.01 -0.04 5.93 20 285 60
285 70 5. -1.34 0.06 1.27 0.01 -0.04 6.21 20 285 70
285 80 5. -1.53 -0.01 1.54 0.04 -0.03 6.51 20 285 80
285 90 5. -1.74 -0.13 1.87 0.06 -0.03 6.84 20 285 90
285 100 5. -1.97 -0.29 2.26 0.09 -0.01 7.14 20 285 100
285 110 5. -2.20 -0.50 2.69 0.11 0.01 7.40 20 285 110
285 120 5. -2.41 -0.74 3.15 0.11 0.03 7.55 20 285 120
285 130 5. -2.59 -1.04 3.64 0.11 0.04 7.61 20 285 130
285 140 5. -2.76 -1.37 4.14 0.11 0.05 7.61 20 285 140
285 150 5. -2.91 -1.71 4.62 0.11 0.06 7.54 20 285 150
285 160 5. -3.04 -2.02 5.06 0.11 0.07 7.39 20 285 160
285 170 5. -3.15 -2.26 5.41 0.12 0.09 7.16 20 285 170
285 180 5. -3.19 -2.47 5.66 0.04 0.15 6.70 20 285 180
285 190 5. -3.16 -2.55 5.70 0.09 0.13 6.19 20 285 190
285 200 5. -2.99 -2.52 5.51 0.05 0.14 5.57 20 285 200
285 210 5. -2.78 -2.41 5.19 0.02 0.15 4.96 20 285 210
285 220 5. -2.53 -2.24 4.77 -0.01 0.15 4.38 20 285 220
285 230 5. -2.27 -2.02 4.29 -0.04 0.14 3.87 20 285 230
285 240 5. -2.02 -1.79 3.80 -0.07 0.14 3.46 20 285 240
285 250 5. -1.77 -1.54 3.31 -0.10 0.13 3.12 20 285 250
285 260 5. -1.54 -1.30 2.84 -0.12 0.12 2.87 20 285 260
285 270 5. -1.33 -1.08 2.41 -0.15 0.11 2.70 20 285 270
285 280 5. -1.13 -0.89 2.02 -0.17 0.10 2.60 20 285 280
285 290 5. -0.94 -0.72 1.65 -0.19 0.09 2.54 20 285 290
285 300 5. -0.76 -0.56 1.32 -0.20 0.08 2.52 20 285 300
285 310 5. -0.59 -0.43 1.02 -0.21 0.07 2.51 20 285 310
285 320 5. -0.43 -0.31 0.74 -0.23 0.05 2.51 20 285 320
285 330 5. -0.28 -0.21 0.49 -0.24 0.04 2.53 20 285 330
285 340 5. -0.14 -0.10 0.24 -0.24 0.02 2.53 20 285 340
285 350 5. -0.01 0.01 0.00 -0.24 0.01 2.54 20 285 350
285 360 5. 0.10 0.14 -0.24 -0.25 -0.01 2.52 20 285 360
285 370 5. 0.20 0.32 -0.51 -0.26 -0.04 2.48 20 285 370
285 380 5. 0.25 0.54 -0.79 -0.25 -0.08 2.44 20 285 380
285 390 5. 0.20 0.56 -0.77 -0.21 -0.46 3.12 20 285 390
285 400 5. 0.13 0.30 -0.44 -0.19 -1.96 4.12 20 285 400
295 0 5. -0.14 -0.06 0.19 -0.09 0.21 5.53 20 295 0
295 10 5. -0.26 -0.18 0.44 -0.10 0.07 5.38 20 295 10
295 20 5. -0.45 -0.18 0.63 -0.11 0.03 5.21 20 295 20
295 30 5. -0.59 -0.13 0.73 -0.09 0.01 5.28 20 295 30
295 40 5. -0.74 -0.10 0.84 -0.02 -0.00 5.47 20 295 40
295 50 5. -0.89 -0.10 0.99 0.07 -0.01 5.79 20 295 50
295 60 5. -1.06 -0.12 1.18 0.18 -0.01 6.19 20 295 60
295 70 5. -1.26 -0.17 1.43 0.31 -0.01 6.67 20 295 70
295 80 5. -1.49 -0.25 1.74 0.45 0.00 7.21 20 295 80
295 90 5. -1.75 -0.37 2.13 0.60 0.02 7.77 20 295 90
295 100 5. -2.05 -0.52 2.57 0.74 0.04 8.33 20 295 100
295 110 5. -2.35 -0.69 3.03 0.84 0.08 8.77 20 295 110
295 120 5. -2.60 -0.87 3.46 0.88 0.11 8.87 20 295 120
295 130 5. -2.80 -1.08 3.87 0.87 0.13 8.74 20 295 130
295 140 5. -2.98 -1.31 4.29 0.84 0.16 8.54 20 295 140
295 150 5. -3.14 -1.56 4.70 0.79 0.20 8.27 20 295 150
295 160 5. -3.27 -1.81 5.08 0.72 0.27 7.95 20 295 160
295 170 5. -3.39 -1.99 5.38 0.65 0.36 7.57 20 295 170
295 180 5. -3.48 -2.07 5.54 0.56 0.39 7.12 20 295 180
295 190 5. -3.43 -2.06 5.50 0.38 0.32 6.49 20 295 190
295 200 5. -3.23 -2.00 5.23 0.16 0.28 5.65 20 295 200
295 210 5. -2.99 -1.89 4.88 -0.02 0.27 4.83 20 295 210
295 220 5. -2.73 -1.75 4.48 -0.20 0.27 4.11 20 295 220
295 230 5. -2.47 -1.60 4.07 -0.36 0.26 3.49 20 295 230
295 240 5. -2.21 -1.43 3.65 -0.52 0.24 2.97 20 295 240
295 250 5. -1.97 -1.27 3.24 -0.66 0.23 2.54 20 295 250
295 260 5. -1.73 -1.11 2.84 -0.79 0.21 2.21 20 295 260
295 270 5. -1.51 -0.95 2.46 -0.92 0.20 1.95 20 295 270
295 280 5. -1.30 -0.80 2.10 -1.03 0.18 1.76 20 295 280
295 290 5. -1.10 -0.67 1.77 -1.14 0.16 1.62 20 295 290
295 300 5. -0.90 -0.55 1.45 -1.24 0.15 1.53 20 295 300
295 310 5. -0.72 -0.43 1.15 -1.33 0.12 1.46 20 295 310
295 320 5. -0.53 -0.33 0.86 -1.42 0.10 1.42 20 295 320
295 330 5. -0.35 -0.23 0.58 -1.48 0.07 1.38 20 295 330
295 340 5. -0.18 -0.12 0.30 -1.53 0.04 1.36 20 295 340
295 350 5. -0.01 -0.00 0.02 -1.55 0.01 1.34 20 295 350
295 360 5. 0.14 0.14 -0.28 -1.53 -0.03 1.36 20 295 360
295 370 5. 0.27 0.32 -0.60 -1.48 -0.08 1.43 20 295 370
295 380 5. 0.39 0.56 -0.95 -1.34 -0.16 1.56 20 295 380
295 390 5. 0.35 0.63 -0.98 -0.99 -0.46 2.10 20 295 390
295 400 5. 0.23 0.29 -0.51 -0.74 -1.42 2.61 20 295 400
