-200 -320 54.07 -36.97 40.26
-200 -280 53.25 -38.16 41.38
-200 -240 48.84 -45.57 45.44
-200 -200 47.88 -47.33 46.84
-200 -160 -57.83 40.63 -37.43
-200 -120 -65.80 33.83 -33.3
-200 -80 -67.55 31.82 -33.31
-200 -40 -72.14 28.47 -33.99
-200 0 -77.36 22.85 -34.25
-200 40 -77.10 21.54 -33.4
-200 80 -66.75 19.14 -31.59
-200 120 -41.17 23.95 -38.75
-200 160 42.12 -25.86 38.24
-200 200 59.28 -22.07 31.44
-200 240 58.98 -25.41 33.11
-200 280 51.14 -38.50 40.3
-160 -320 52.62 -39.29 41.06
-160 -280 54.43 -36.17 39.72
-160 -240 48.64 -46.04 44.65
-160 -200 -48.54 47.24 -44.14
-160 -160 -60.19 38.93 -37.79
-160 -120 -68.55 32.85 -32.68
-160 -80 -67.78 33.67 -31.38
-160 -40 -68.05 32.88 -29.21
-160 0 -65.47 34.82 -26.05
-160 40 -70.19 29.86 -26.62
-160 80 -79.90 21.70 -30.12
-160 120 -45.89 23.73 -34.56
-160 160 44.64 -25.58 37.4
-160 200 61.87 -20.35 31.72
-160 240 61.50 -21.55 32.2
-160 280 54.95 -33.14 37.99
-120 -320 48.90 -45.03 40.29
-120 -280 52.71 -39.14 35.23
-120 -240 -53.04 44.11 -49.57
-120 -200 -56.29 41.90 -48.55
-120 -160 -69.57 31.75 -41.47
-120 -120 -76.23 26.26 -35.83
-120 -80 -74.67 27.74 -34.8
-120 -40 -76.26 26.41 -32.21
-120 0 -75.34 27.13 -30.44
-120 40 -77.16 25.88 -26.37
-120 80 -68.80 32.56 -22.24
-120 120 -53.87 36.18 -22.39
-120 160 56.24 -10.36 41.23
-120 200 62.94 -10.43 36.02
-120 240 63.22 -13.83 30.92
-120 280 55.98 -25.39 35.63
-80 -320 46.50 -39.21 39.08
-80 -280 53.42 -37.79 34.28
-80 -240 -51.44 45.27 -51.16
-80 -200 -57.35 40.79 -49.1
-80 -160 -72.95 29.11 -43.3
-80 -120 -83.21 19.54 -39.5
-80 -80 -83.94 19.43 -39.61
-80 -40 -85.95 17.41 -37.87
-80 0 -85.43 16.83 -37.02
-80 40 -89.39 13.20 -31.94
-80 80 -86.19 4.91 -31.49
-80 120 -79.36 -1.18 -39.54
-80 160 51.36 -33.79 30.47
-80 200 54.18 0.63 43.6
-80 240 54.68 25.91 42.7
-80 280 47.73 4.07 26.35
-40 -320 50.56 -31.59 36.33
-40 -280 55.79 -32.66 35.71
-40 -240 51.15 -41.34 39.34
-40 -200 -50.95 45.44 -47.2
-40 -160 -66.02 34.28 -39.69
-40 -120 -71.15 29.29 -33.21
-40 -80 -74.96 26.50 -34.48
-40 -40 -85.53 11.63 -31.21
-40 0 -82.86 -4.52 -46.63
-40 40 -92.57 -6.95 -35.19
-40 80 -89.78 14.64 -36.17
-40 120 -84.30 19.14 -40.39
-40 160 -53.15 43.70 -55.84
-40 200 51.84 -40.64 29.55
-40 240 53.29 -35.66 29.84
-40 280 39.19 -10.03 24.28
0 -320 51.34 8.77 39.4
0 -280 65.52 13.74 47.64
0 -240 56.21 -18.32 42.38
0 -200 -43.68 42.89 -46.54
0 -160 -71.70 18.78 -45.66
0 -120 -84.52 -3.46 -51.97
0 -80 -96.60 -50.62 -47.32
0 -40 -84.86 2.65 -43.83
0 0 -88.77 6.57 -38.93
0 40 -91.15 10.58 -35.13
0 80 -86.64 16.36 -35.62
0 120 -78.97 23.85 -39.25
0 160 -56.68 41.34 -50.32
0 200 52.96 -38.84 31.08
0 240 51.25 -38.64 31.66
0 280 34.38 -28.82 35.79
40 -320 56.35 -30.49 35.43
40 -280 52.50 -33.12 32.89
40 -240 47.35 -25.51 30.05
40 -200 37.35 -31.03 50.33
40 -160 -38.04 31.44 -22.05
40 -120 -55.07 40.54 -30.42
40 -80 -61.84 38.00 -26.13
40 -40 -67.12 34.05 -28.93
40 0 -76.85 26.16 -28.99
40 40 -82.66 20.59 -30.26
40 80 -82.20 20.94 -33.41
40 120 -76.35 26.19 -38.54
40 160 -58.59 40.07 -47.39
40 200 52.75 -38.81 33.78
40 240 54.34 -35.43 34.47
40 280 47.58 -43.79 41.38
80 -320 55.30 -31.36 39.22
80 -280 58.53 -27.89 39.1
80 -240 55.63 -29.01 40.62
80 -200 45.56 -40.13 46.68
80 -160 -49.66 34.10 -37.34
80 -120 -61.82 33.68 -36.6
80 -80 -65.30 33.75 -31.52
80 -40 -66.57 33.79 -29.15
80 0 -71.07 30.84 -25.54
80 40 -73.59 28.87 -26.16
80 80 -71.70 30.43 -29.18
80 120 -65.06 35.63 -34.23
80 160 -51.16 45.38 -42.06
80 200 55.48 -34.28 39.59
80 240 58.63 -28.17 36.36
80 280 52.45 -39.39 41.17
120 -320 53.87 -35.94 39.87
120 -280 56.69 -30.01 38.22
120 -240 49.90 -33.92 42.05
120 -200 41.90 -39.92 46.4
120 -160 -48.59 35.41 -39.03
120 -120 -58.81 31.64 -35.57
120 -80 -67.10 30.87 -34.57
120 -40 -71.81 26.31 -32.55
120 0 -78.76 23.75 -29.9
120 40 -75.53 26.60 -29.25
120 80 -69.43 31.34 -30.11
120 120 -61.70 37.29 -34.86
120 160 -49.56 46.32 -40.94
120 200 54.89 -35.39 42.06
120 240 59.04 -27.15 37.51
120 280 55.27 -34.51 39.25
160 -320 52.04 -39.79 40.92
160 -280 54.31 -31.91 37.95
160 -240 44.63 -34.71 42.21
160 -200 -39.37 38.60 -43.6
160 -160 -46.42 33.85 -39.52
160 -120 -54.71 31.32 -36.15
160 -80 -62.74 29.16 -34.25
160 -40 -69.68 25.91 -32.42
160 0 -77.82 24.08 -30.38
160 40 -76.96 25.83 -31.21
160 80 -72.83 29.33 -33.43
160 120 -64.05 36.27 -37.03
160 160 -50.82 45.67 -41.24
160 200 53.44 -38.03 43.57
160 240 58.78 -27.93 39.07
160 280 55.60 -29.72 38.97
200 -320 51.15 -41.73 41.54
200 -280 50.02 -33.83 38.52
200 -240 40.84 -34.60 41.57
200 -200 -38.77 35.57 -44.27
200 -160 -44.93 31.74 -40.13
200 -120 -52.53 29.10 -36.75
200 -80 -60.30 26.96 -34.27
200 -40 -68.06 24.66 -32.27
200 0 -75.97 23.72 -30.84
200 40 -76.91 25.90 -31.81
200 80 -72.33 29.75 -34.19
200 120 -64.72 35.84 -37.93
200 160 -54.64 42.34 -42.48
200 200 49.24 -43.87 42.51
200 240 55.23 -34.70 37.97
200 280 47.08 -32.62 39.52
240 -320 48.67 -41.89 41.51
240 -280 45.92 -36.27 39.08
240 -240 39.66 -34.88 41.18
240 -200 -37.95 34.11 -44.9
240 -160 -43.85 29.59 -40.83
240 -120 -51.23 26.31 -37.41
240 -80 -58.82 24.16 -34.9
240 -40 -67.40 22.58 -32.91
240 0 -74.85 23.20 -31.64
240 40 -76.60 26.19 -32.06
240 80 -72.03 30.05 -34.65
240 120 -65.00 35.03 -38.37
240 160 -55.75 40.70 -42.56
240 200 47.04 -45.93 42.72
240 240 53.48 -37.42 38.08
240 280 45.65 -36.60 40.73
280 -320 49.49 -41.97 43.16
280 -280 47.26 -35.08 41.79
280 -240 40.22 -32.83 42.74
280 -200 -35.45 32.64 -44.52
280 -160 -41.46 26.54 -41.2
280 -120 -49.18 22.28 -38.35
280 -80 -58.34 19.54 -36.12
280 -40 -66.92 18.96 -34.74
280 0 -75.36 19.79 -34.28
280 40 -80.23 22.64 -34.69
280 80 -74.75 27.60 -36.76
280 120 -67.14 33.87 -39.42
280 160 -57.29 41.28 -42.37
280 200 48.00 -45.93 44.3
280 240 54.66 -35.05 40.1
280 280 47.15 -37.70 42.47
