-200 -160 -0.45 0 -36.57
-200 -120 -0.45 0 -30.77
-200 -80 -0.33 0 -27.44
-200 -40 -0.19 0 -23.35
-200 200 -0.04 0 -49.66
-200 240 -0.19 0 -40.97
-200 280 -0.22 0 -7.91
-160 -200 -0.85 0 -43.9
-160 -160 -1.14 0 -38.41
-160 -120 -1.27 0 -34.34
-160 -80 -1.23 0 -33.44
-160 -40 -1.05 0 -31.42
-160 0 -0.77 0 -28.49
-160 40 -0.39 0 -23.82
-160 80 -0.18 0 -23.32
-160 200 -0.08 0 -47.42
-160 240 -0.20 0 -42.76
-160 280 -0.24 0 -33.49
-120 -320 -0.27 0 -50.35
-120 -280 -0.41 0 -54.67
-120 -240 -0.49 0 -50.12
-120 -200 -0.56 0 -47.48
-120 -160 -0.79 0 -40.02
-120 -120 -0.74 0 -35.42
-120 -80 -0.92 0 -35.2
-120 -40 -1.16 0 -34.57
-120 0 -1.52 0 -34.27
-120 40 -1.97 0 -32.02
-120 80 -1.90 0 -31.56
-120 120 -1.13 0 -38.07
-120 160 -0.91 0 -44.8
-120 280 -0.71 0 -44.23
-80 -320 -0.10 0 -66.24
-80 -280 -0.29 0 -61.96
-80 -240 -0.50 0 -53.92
-80 -200 -0.48 0 -48.71
-80 -160 -0.63 0 -41.33
-80 -120 -0.29 0 -34.96
-80 -80 -0.26 0 -33.11
-80 0 -0.54 0 -48.62
-80 40 -1.17 0 -56.29
-80 80 -3.44 0 -63.45
-80 120 -5.45 0 -59.4
-80 160 -4.12 0 -46.85
-40 -200 -0.74 0 -46.51
-40 -160 -1.20 0 -43.13
-40 -120 -1.03 0 -43.34
-40 -80 -1.05 0 -42.21
-40 -40 -1.23 0 -60.2
-40 0 -4.11 0 -64.38
-40 40 -3.76 0 -66.06
-40 80 -1.44 0 -54.55
-40 120 -1.45 0 -47.2
-40 160 -1.52 0 -52.31
0 -160 -2.28 0 -48.09
0 -120 -3.55 0 -56.29
0 -80 -7.93 0 -70.31
0 -40 -2.47 0 -60.4
0 0 -0.73 0 -55.79
0 40 -0.56 0 -44.02
0 80 -0.82 0 -37.27
0 120 -1.10 0 -39.51
0 160 -1.08 0 -49.49
40 -160 -2.73 0 -46.04
40 -120 -2.42 0 -45.03
40 -80 -2.69 0 -33.03
40 -40 -2.35 0 -35.23
40 0 -1.96 0 -33.86
40 40 -1.70 0 -32.28
40 80 -1.50 0 -33.54
40 120 -1.35 0 -37.84
40 160 -1.05 0 -46.61
80 -320 -0.50 0 -44.36
80 -160 -0.18 0 -39.18
80 -120 -0.26 0 -33.64
80 -80 -0.37 0 -28.68
80 -40 -0.43 0 -29.25
80 0 -0.96 0 -27.16
80 40 -1.59 0 -28.31
80 80 -1.85 0 -31.13
80 120 -1.74 0 -35.34
80 160 -1.29 0 -42.26
120 -320 -0.38 0 -33.77
120 -280 -0.32 0 -63.52
120 -240 -0.18 0 -83.14
120 -200 -0.06 0 83.74
120 40 -0.16 0 -19.42
120 80 -0.42 0 -26.03
120 120 -0.49 0 -32.63
160 -320 -0.28 0 -1.5
160 -280 -0.29 0 -43.06
160 -240 -0.21 0 -63.79
160 -200 -0.09 0 -63.37
200 -320 -0.18 0 12.02
200 -280 -0.21 0 -14.98
200 -240 -0.16 0 -35.51
200 -200 -0.08 0 -46.28
200 160 -0.01 0 -35.31
200 200 -0.01 0 -60.67
200 240 -0.01 0 -79.44
200 280 -0.01 0 52.68
240 -320 -0.10 0 12.21
240 -280 -0.13 0 -4.95
240 -240 -0.10 0 -22.33
240 -200 -0.05 0 -41.45
240 40 -0.02 0 77.33
240 80 -0.04 0 69.13
240 120 -0.04 0 69.82
240 160 -0.04 0 87.16
240 200 -0.04 0 -84.86
240 240 -0.03 0 -86.18
240 280 -0.02 0 18.59
280 -320 -0.09 0 36.22
280 -280 -0.10 0 -8.82
280 -240 -0.09 0 -31.79
280 -200 -0.05 0 -39.16
280 -40 -0.02 0 78.91
280 0 -0.04 0 78.38
280 40 -0.06 0 83.2
280 80 -0.07 0 -86.84
280 120 -0.07 0 -75.18
280 160 -0.06 0 -68.08
280 200 -0.05 0 -66.93
280 240 -0.04 0 -63.26
280 280 -0.03 0 -50.99
