-200 -320 54.75 0 39
-200 -280 53.92 0 40.18
-200 -240 49.36 0 44.72
-200 -200 47.80 0 46.74
-200 160 30.62 0 41.12
-200 200 55.37 0 29.9
-200 240 63.45 0 29.44
-200 280 57.97 0 35.76
-160 -320 52.50 0 40.97
-160 -280 53.82 0 39.43
-160 -240 49.01 0 44.45
-160 160 36.24 0 39.38
-160 200 58.46 0 30.61
-160 240 64.16 0 29.62
-160 280 59.36 0 34
-120 -280 49.52 0 33.23
-120 160 54.15 0 39
-120 200 58.88 0 36.03
-120 240 63.58 0 31.5
-120 280 58.46 0 29.45
-80 -320 28.12 0 28.09
-80 -280 48.45 0 28.74
-80 160 52.23 0 27.59
-80 200 51.81 0 41.35
-80 240 49.33 0 34.23
-80 280 40.58 0 20.9
-40 -320 29.45 0 19.31
-40 -280 53.76 0 25.25
-40 200 49.56 0 27.96
-40 240 48.55 0 25.96
-40 280 37.84 0 14.95
0 -320 46.98 0 40.63
0 -280 63.48 0 43.13
0 -240 52.83 0 40.02
0 200 50.15 0 30.03
0 240 48.06 0 29.45
0 280 36.41 0 34.35
40 -320 59.56 0 33.33
40 -280 53.68 0 28.19
40 -240 32.03 0 16.82
40 200 50.35 0 32.91
40 240 52.26 0 33.21
40 280 50.34 0 40.32
80 -320 58.22 0 31.56
80 -280 54.25 0 28.37
80 -240 35.27 0 30.14
80 -200 23.82 0 46.61
80 200 53.72 0 39.56
80 240 56.50 0 36.39
80 280 51.71 0 41.34
120 -320 58.53 0 35
120 -280 60.51 0 30.85
120 -240 42.47 0 34.3
120 -200 27.59 0 44.41
120 200 53.98 0 41.27
120 240 58.20 0 36.29
120 280 54.81 0 38.84
160 -320 57.60 0 37.34
160 -280 60.77 0 33.43
160 -240 45.18 0 37.46
160 -200 31.29 0 44.53
160 200 51.92 0 41.55
160 240 57.24 0 36.39
160 280 52.01 0 37.87
200 -320 55.89 0 39.16
200 -280 57.24 0 35.96
200 -240 44.31 0 39.04
200 -200 34.05 0 44.47
200 200 49.70 0 41.68
200 240 55.08 0 36.65
200 280 45.36 0 38.62
240 -320 52.75 0 39.97
240 -280 50.78 0 37.91
240 -240 43.07 0 40.23
240 -200 34.94 0 44.53
240 200 48.28 0 42.36
240 240 53.69 0 37.43
240 280 45.62 0 40.22
280 -320 48.38 0 41.35
280 -280 47.41 0 40.76
280 -240 42.37 0 42.28
280 200 47.40 0 44.24
280 240 54.84 0 39.92
280 280 49.74 0 42.12
