-200 -160 0 0.23 -36.57
-200 -120 0 0.06 -30.77
-200 -80 0 0.01 -27.44
-200 -40 0 0.04 -23.35
-200 40 0 0.05 79.13
-200 80 0 0.13 82.16
-200 120 0 0.15 74.26
-200 160 0 0.10 46.92
-200 200 0 0.02 -49.66
-160 -200 0 0.77 -43.9
-160 -160 0 0.58 -38.41
-160 -120 0 0.39 -34.34
-160 -80 0 0.36 -33.44
-160 -40 0 0.30 -31.42
-160 0 0 0.21 -28.49
-160 40 0 0.13 -23.82
-160 80 0 0.07 -23.32
-160 200 0 0.06 -47.42
-120 -320 0 0.20 -50.35
-120 -280 0 0.31 -54.67
-120 -240 0 0.24 -50.12
-120 -200 0 0.21 -47.48
-120 -160 0 0.21 -40.02
-120 -120 0 0.15 -35.42
-120 -80 0 0.25 -35.2
-120 -40 0 0.31 -34.57
-120 0 0 0.38 -34.27
-120 40 0 0.41 -32.02
-120 80 0 0.52 -31.56
-120 120 0 0.49 -38.07
-120 160 0 0.86 -44.8
-120 280 0 0.57 -44.23
-80 -320 0 0.02 -66.24
-80 -280 0 0.16 -61.96
-80 -240 0 0.21 -53.92
-80 -200 0 0.09 -48.71
-80 -160 0 0.14 -41.33
-80 -120 0 0.09 -34.96
-80 -80 0 0.18 -33.11
-80 0 0 0.37 -48.62
-80 40 0 0.58 -56.29
-80 80 0 2.22 -63.45
-80 120 0 3.26 -59.4
-80 160 0 3.52 -46.85
-40 -280 0 0.15 31.34
-40 -200 0 0.52 -46.51
-40 -160 0 0.46 -43.13
-40 -120 0 0.23 -43.34
-40 -80 0 0.24 -42.21
-40 -40 0 1.06 -60.2
-40 0 0 3.61 -64.38
-40 40 0 2.80 -66.06
-40 80 0 0.66 -54.55
-40 120 0 0.45 -47.2
-40 160 0 1.06 -52.31
0 -280 0 0.62 59.25
0 -160 0 1.36 -48.09
0 -120 0 1.48 -56.29
0 -80 0 1.42 -70.31
0 -40 0 1.36 -60.4
0 0 0 0.65 -55.79
0 40 0 0.31 -44.02
0 80 0 0.16 -37.27
0 120 0 0.23 -39.51
0 160 0 0.67 -49.49
0 280 0 0.05 31.61
40 -160 0 1.97 -46.04
40 -120 0 1.03 -45.03
40 -80 0 0.80 -33.03
40 -40 0 0.87 -35.23
40 0 0 0.58 -33.86
40 40 0 0.30 -32.28
40 80 0 0.18 -33.54
40 120 0 0.27 -37.84
40 160 0 0.64 -46.61
80 -320 0 0.06 -44.36
80 -240 0 0.10 21.21
80 -160 0 0.09 -39.18
80 -120 0 0.08 -33.64
80 -80 0 0.18 -28.68
80 -40 0 0.27 -29.25
80 0 0 0.35 -27.16
80 40 0 0.41 -28.31
80 80 0 0.49 -31.13
80 120 0 0.70 -35.34
80 160 0 1.09 -42.26
120 -160 0 0.02 77.94
120 -120 0 0.08 72.81
120 -80 0 0.14 71.22
120 -40 0 0.14 71.95
120 0 0 0.04 74.29
120 40 0 0.14 -19.42
120 80 0 0.15 -26.03
120 120 0 0.24 -32.63
160 -160 0 0.03 45.18
160 -120 0 0.12 54.74
160 -80 0 0.19 61.62
160 -40 0 0.21 78.86
160 0 0 0.16 -88.23
160 40 0 0.08 88.72
160 240 0 0.02 26.76
200 -120 0 0.07 34.69
200 -80 0 0.11 29.62
200 -40 0 0.12 18.52
200 0 0 0.10 -34.65
200 40 0 0.06 -65.31
200 80 0 0.02 -77.56
200 200 0 0.01 -60.67
200 240 0 0.01 -79.44
240 -120 0 0.02 23.36
240 -80 0 0.03 15.66
240 -40 0 0.02 6.43
280 -120 0 0.01 11.42
280 -40 0 0.01 78.91
