-200 -320 0 -34.99 39
-200 -280 0 -36.43 40.18
-200 -240 0 -44.70 44.72
-200 -200 0 -47.53 46.74
-200 160 0 -23.34 41.12
-200 200 0 -13.98 29.9
-200 240 0 -13.97 29.44
-200 280 0 -26.34 35.76
-160 -320 0 -39.00 40.97
-160 -280 0 -36.52 39.43
-160 -240 0 -45.36 44.45
-160 160 0 -19.04 39.38
-160 200 0 -13.60 30.61
-160 240 0 -12.88 29.62
-160 280 0 -22.69 34
-120 -280 0 -43.70 33.23
-120 240 0 -2.16 31.5
-120 280 0 -11.82 29.45
-80 -320 0 -24.33 28.09
-80 -280 0 -44.82 28.74
-80 120 0 -2.87 -34.03
-80 160 0 -29.98 27.59
-40 -320 0 -15.65 19.31
-40 -280 0 -32.86 25.25
-40 0 0 -7.92 -48.51
-40 40 0 -6.94 -34.42
-40 200 0 -44.14 27.96
-40 240 0 -42.64 25.96
-40 280 0 -13.32 14.95
0 -240 0 -26.18 40.02
0 -120 0 -9.34 -47.99
0 -80 0 -41.69 -50.09
0 -40 0 -7.35 -45.09
0 200 0 -43.10 30.03
0 240 0 -43.78 29.45
0 280 0 -32.39 34.35
40 -320 0 -22.43 33.33
40 -280 0 -31.32 28.19
40 -240 0 -13.80 16.82
40 200 0 -42.33 32.91
40 240 0 -38.32 33.21
40 280 0 -42.27 40.32
80 -320 0 -27.05 31.56
80 -280 0 -26.10 28.37
80 -240 0 -21.45 30.14
80 -200 0 -22.81 46.61
80 200 0 -36.71 39.56
80 240 0 -31.09 36.39
80 280 0 -40.18 41.34
120 -320 0 -26.98 35
120 -280 0 -20.72 30.85
120 -240 0 -21.91 34.3
120 -200 0 -24.08 44.41
120 200 0 -36.40 41.27
120 240 0 -27.56 36.29
120 280 0 -34.47 38.84
160 -320 0 -29.19 37.34
160 -280 0 -20.46 33.43
160 -240 0 -22.55 37.46
160 -200 0 -28.24 44.53
160 200 0 -40.17 41.55
160 240 0 -29.69 36.39
160 280 0 -27.93 37.87
200 -320 0 -32.80 39.16
200 -280 0 -23.78 35.96
200 -240 0 -25.78 39.04
200 -200 0 -31.88 44.47
200 200 0 -44.21 41.68
200 240 0 -34.16 36.65
200 280 0 -31.05 38.62
240 -320 0 -35.10 39.97
240 -280 0 -29.60 37.91
240 -240 0 -29.72 40.23
240 -200 0 -34.73 44.53
240 200 0 -46.43 42.36
240 240 0 -36.98 37.43
240 280 0 -35.89 40.22
280 -320 0 -33.12 41.35
280 -280 0 -29.76 40.76
280 -240 0 -31.36 42.28
280 200 0 -45.33 44.24
280 240 0 -34.76 39.92
280 280 0 -38.61 42.12
