-200 -320 20 -0.36 -0.30 0.66 -0.01 0.00 2.86 25 -200 -320
-200 -280 20 -0.33 -0.22 0.55 -0.02 -0.01 3.03 25 -200 -280
-200 -240 20 -0.10 0.12 -0.02 -0.04 -0.01 4.63 25 -200 -240
-200 -200 20 -0.02 0.34 -0.32 -0.05 0.00 5.16 25 -200 -200
-200 -160 20 0.94 1.64 -2.58 -0.07 0.00 7.79 25 -200 -160
-200 -120 20 2.05 2.75 -4.80 -0.09 0.06 8.72 25 -200 -120
-200 -80 20 2.23 2.53 -4.76 -0.04 0.13 8.42 25 -200 -80
-200 -40 20 0.32 0.25 -0.57 0.00 0.02 1.01 26 -200 -40
-200 0 20 0.37 0.19 -0.57 0.01 0.01 0.96 26 -200 0
-200 40 20 3.15 1.71 -4.85 0.11 0.08 7.65 25 -200 40
-200 80 20 0.53 0.38 -0.91 0.03 0.01 1.28 25 -200 80
-200 120 20 1.46 1.02 -2.48 0.11 0.11 7.90 23 -200 120
-200 160 20 -0.19 -0.19 0.38 0.03 0.01 1.17 24 -200 160
-200 200 20 -2.33 -2.31 4.64 0.07 -0.06 6.78 24 -200 200
-200 240 20 -0.31 -0.31 0.62 0.00 -0.01 1.06 25 -200 240
-200 280 20 -0.24 -0.27 0.51 0.03 -0.05 2.37 25 -200 280
-160 -320 20 -0.32 -0.29 0.61 0.00 0.01 3.24 25 -160 -320
-160 -280 20 -0.36 -0.32 0.68 0.01 0.01 2.68 25 -160 -280
-160 -240 20 -0.09 -0.01 0.10 -0.00 0.01 4.80 25 -160 -240
-160 -200 20 0.06 0.14 -0.20 -0.00 0.02 5.58 25 -160 -200
-160 -160 20 1.26 1.58 -2.84 -0.00 0.02 8.58 25 -160 -160
-160 -120 20 0.28 0.36 -0.65 -0.00 0.00 1.10 26 -160 -120
-160 -80 20 0.27 0.42 -0.69 -0.01 0.00 1.09 26 -160 -80
-160 -40 20 0.26 0.46 -0.73 -0.01 0.00 0.97 26 -160 -40
-160 0 20 0.22 0.53 -0.75 -0.01 0.01 0.82 26 -160 0
-160 40 20 0.27 0.47 -0.74 -0.00 0.02 0.81 26 -160 40
-160 80 20 0.47 0.38 -0.86 -0.00 0.03 1.09 26 -160 80
-160 120 20 0.32 0.38 -0.70 -0.01 0.03 1.41 24 -160 120
-160 160 20 -0.29 -0.28 0.58 -0.02 0.02 1.58 24 -160 160
-160 200 20 -2.88 -2.40 5.27 -0.03 -0.04 7.67 24 -160 200
-160 240 20 -3.08 -2.61 5.69 -0.05 -0.06 8.67 24 -160 240
-160 280 20 -0.32 -0.31 0.63 0.01 -0.03 1.88 25 -160 280
-120 -320 20 -0.15 -0.63 0.78 -0.04 0.02 4.26 25 -120 -320
-120 -280 20 -0.32 -0.93 1.25 -0.03 0.01 3.06 25 -120 -280
-120 -240 20 0.41 -1.27 0.87 -0.02 -0.00 6.67 25 -120 -240
-120 -200 20 0.76 -1.34 0.59 0.01 0.03 7.73 25 -120 -200
-120 -160 20 0.30 -0.00 -0.30 0.01 -0.01 1.19 26 -120 -160
-120 -120 20 0.46 0.21 -0.68 0.01 -0.01 1.34 26 -120 -120
-120 -80 20 0.43 0.27 -0.70 0.01 -0.00 1.31 26 -120 -80
-120 -40 20 0.47 0.39 -0.86 0.01 -0.01 1.31 26 -120 -40
-120 0 20 0.44 0.46 -0.90 0.01 -0.00 1.23 26 -120 0
-120 40 20 0.50 0.67 -1.17 0.00 0.00 1.21 26 -120 40
-120 80 20 0.28 0.73 -1.00 -0.02 -0.01 0.85 26 -120 80
-120 120 20 0.34 1.64 -1.98 -0.07 0.06 1.80 25 -120 120
-120 160 20 -0.44 0.09 0.35 -0.04 -0.01 0.99 24 -120 160
-120 200 20 -1.19 -0.20 1.38 -0.09 -0.01 2.43 24 -120 200
-120 240 20 -1.71 -1.14 2.84 -0.11 -0.07 3.71 24 -120 240
-120 280 20 -1.81 -1.55 3.36 -0.13 -0.16 7.23 24 -120 280
-80 -320 20 -0.08 -0.24 0.33 0.01 -0.02 1.36 25 -80 -320
-80 -280 20 -0.33 -0.93 1.25 -0.05 0.01 2.77 25 -80 -280
-80 -240 20 0.24 -1.48 1.23 -0.07 -0.07 6.20 25 -80 -240
-80 -200 20 0.90 -1.56 0.65 -0.11 -0.00 7.67 25 -80 -200
-80 -160 20 0.38 -0.11 -0.27 -0.01 -0.00 1.33 26 -80 -160
-80 -120 20 0.61 -0.03 -0.58 -0.00 0.00 1.44 26 -80 -120
-80 -80 20 0.66 -0.03 -0.63 0.01 0.00 1.56 26 -80 -80
-80 -40 20 0.71 0.04 -0.74 0.01 -0.01 1.54 26 -80 -40
-80 0 20 0.63 0.06 -0.69 0.02 -0.01 1.32 26 -80 0
-80 40 20 0.71 0.28 -0.99 -0.03 -0.00 1.30 26 -80 40
-80 80 20 4.18 0.71 -4.89 -0.49 -0.58 5.48 25 -80 80
-80 120 20 0.88 -0.18 -0.70 0.21 0.23 1.35 25 -80 120
-80 160 20 -0.21 -0.61 0.82 0.20 -0.08 1.29 25 -80 160
-80 200 20 -2.32 0.99 1.33 0.75 -0.48 3.53 23 -80 200
-80 240 20 -1.22 0.55 0.67 0.25 -0.35 0.75 23 -80 240
-80 280 20 -3.66 -1.46 5.12 0.60 0.04 4.32 22 -80 280
-40 -320 20 -1.29 -1.89 3.18 0.09 -0.08 8.12 24 -40 -320
-40 -280 20 -0.36 -0.47 0.83 0.01 -0.08 1.94 25 -40 -280
-40 -240 20 -0.29 -0.55 0.85 -0.07 -0.09 3.50 25 -40 -240
-40 -200 20 0.22 -0.58 0.36 -0.16 -0.06 6.08 25 -40 -200
-40 -160 20 0.22 0.08 -0.30 -0.01 -0.02 1.03 26 -40 -160
-40 -120 20 0.31 0.27 -0.59 -0.03 -0.01 0.98 26 -40 -120
-40 -80 20 0.40 0.24 -0.64 -0.02 0.04 1.15 26 -40 -80
-40 -40 20 3.78 1.39 -5.17 -0.49 0.60 6.29 25 -40 -40
-40 0 20 2.61 -1.48 -1.13 0.02 -0.58 3.02 25 -40 0
-40 40 20 0.85 -0.10 -0.76 0.07 0.12 0.92 26 -40 40
-40 80 20 0.85 0.13 -0.99 0.02 -0.02 1.76 26 -40 80
-40 120 20 0.68 -0.08 -0.60 0.02 0.02 1.60 26 -40 120
-40 160 20 0.41 -2.60 2.19 0.05 -0.01 6.02 25 -40 160
-40 200 20 -0.29 -1.68 1.97 0.09 -0.04 3.05 25 -40 200
-40 240 20 -0.30 -0.95 1.25 0.06 -0.00 1.89 25 -40 240
-40 280 20 -3.32 -4.29 7.62 0.00 -0.18 6.75 22 -40 280
0 -320 20 -1.24 0.33 0.91 0.54 -0.33 1.46 23 0 -320
0 -280 20 -1.33 0.78 0.55 -0.10 0.39 1.25 24 0 -280
0 -240 20 -1.08 0.26 0.82 -0.24 -0.13 3.05 24 0 -240
0 -200 20 -0.01 -0.08 0.09 -0.11 -0.01 1.61 25 0 -200
0 -160 20 0.98 -0.56 -0.42 -0.23 -0.01 2.83 25 0 -160
0 -120 20 1.58 -1.28 -0.30 -0.18 -0.11 1.99 25 0 -120
0 -80 20 5.21 -2.87 -2.34 0.04 0.97 3.26 24 0 -80
0 -40 20 2.10 -0.92 -1.17 0.22 0.14 3.06 25 0 -40
0 0 20 3.06 -0.42 -2.64 0.06 -0.00 5.15 25 0 0
0 40 20 0.69 0.09 -0.77 0.00 0.01 1.19 26 0 40
0 80 20 0.70 0.14 -0.84 -0.00 0.01 1.43 26 0 80
0 120 20 0.53 0.03 -0.56 0.01 0.01 1.45 26 0 120
0 160 20 0.79 -1.80 1.01 0.06 0.02 7.49 25 0 160
0 200 20 -0.33 -1.34 1.67 0.04 -0.02 2.85 25 0 200
0 240 20 -0.22 -1.00 1.22 0.01 -0.00 2.21 25 0 240
0 280 20 -0.35 -1.79 2.14 -0.04 -0.20 5.89 23 0 280
40 -320 20 -0.29 -0.39 0.69 0.08 0.00 1.56 25 40 -320
40 -280 20 -0.19 -0.49 0.68 0.10 0.08 1.30 25 40 -280
40 -240 20 -0.53 -0.91 1.44 0.02 0.09 2.05 24 40 -240
40 -200 20 -0.07 0.28 -0.21 0.12 0.02 1.29 24 40 -200
40 -160 20 0.13 1.02 -1.15 0.10 -0.03 1.05 24 40 -160
40 -120 20 0.48 2.44 -2.92 0.18 -0.13 4.81 25 40 -120
40 -80 20 1.58 5.24 -6.82 0.28 -0.25 7.79 25 40 -80
40 -40 20 0.25 0.50 -0.75 0.01 -0.00 1.00 26 40 -40
40 0 20 0.49 0.56 -1.05 -0.01 0.00 1.29 26 40 0
40 40 20 0.63 0.46 -1.09 -0.02 0.01 1.36 26 40 40
40 80 20 0.61 0.30 -0.92 -0.02 0.01 1.42 26 40 80
40 120 20 0.46 0.09 -0.55 -0.01 0.01 1.38 26 40 120
40 160 20 1.05 -1.22 0.17 0.02 0.02 8.28 25 40 160
40 200 20 -0.31 -1.03 1.35 0.01 -0.02 2.88 25 40 200
40 240 20 -0.34 -0.70 1.05 -0.01 -0.02 2.27 25 40 240
40 280 20 -0.09 -0.34 0.43 -0.08 -0.05 3.02 25 40 280
80 -320 20 -0.29 -0.17 0.46 0.04 0.03 1.56 25 80 -320
80 -280 20 -0.36 -0.13 0.50 0.02 0.04 1.50 25 80 -280
80 -240 20 -0.25 -0.06 0.31 -0.00 0.05 1.20 25 80 -240
80 -200 20 -0.06 0.11 -0.05 -0.01 0.01 1.38 25 80 -200
80 -160 20 0.13 0.21 -0.35 -0.01 -0.02 1.02 25 80 -160
80 -120 20 1.05 1.03 -2.08 -0.10 -0.04 5.16 25 80 -120
80 -80 20 1.91 3.04 -4.95 0.18 -0.23 7.86 25 80 -80
80 -40 20 0.24 0.43 -0.67 0.01 -0.01 0.89 26 80 -40
80 0 20 0.34 0.65 -0.99 0.01 -0.01 1.02 26 80 0
80 40 20 0.40 0.66 -1.06 0.01 -0.01 1.11 26 80 40
80 80 20 0.36 0.53 -0.89 0.00 -0.01 1.14 26 80 80
80 120 20 0.21 0.30 -0.51 0.00 -0.00 1.02 26 80 120
80 160 20 0.25 0.51 -0.76 0.02 -0.00 6.18 25 80 160
80 200 20 -0.38 -0.27 0.64 0.00 0.00 2.39 25 80 200
80 240 20 -0.37 -0.30 0.66 -0.01 -0.00 1.54 25 80 240
80 280 20 -0.30 -0.28 0.58 -0.01 -0.01 3.21 25 80 280
120 -320 20 -0.34 -0.27 0.60 -0.01 0.02 2.41 25 120 -320
120 -280 20 -0.33 -0.21 0.54 0.02 0.00 1.55 25 120 -280
120 -240 20 -0.14 -0.04 0.18 0.01 0.03 1.07 25 120 -240
120 -200 20 -0.14 0.47 -0.33 0.03 0.10 8.11 24 120 -200
120 -160 20 0.11 0.17 -0.28 0.01 0.00 1.07 25 120 -160
120 -120 20 0.54 0.60 -1.14 0.01 -0.02 2.53 25 120 -120
120 -80 20 1.88 1.74 -3.63 0.02 -0.04 7.05 25 120 -80
120 -40 20 2.40 2.05 -4.45 0.01 -0.10 7.00 25 120 -40
120 0 20 0.51 0.46 -0.97 -0.00 -0.03 1.23 26 120 0
120 40 20 0.43 0.49 -0.92 -0.00 -0.02 1.15 26 120 40
120 80 20 0.28 0.41 -0.69 0.01 -0.01 0.97 26 120 80
120 120 20 1.46 2.29 -3.75 0.09 -0.06 8.18 25 120 120
120 160 20 0.12 0.74 -0.86 0.08 -0.01 5.61 25 120 160
120 200 20 -0.37 -0.08 0.45 0.03 0.01 2.60 25 120 200
120 240 20 -0.36 -0.20 0.56 0.01 0.01 1.43 25 120 240
120 280 20 -0.37 -0.30 0.67 0.01 0.00 2.39 25 120 280
160 -320 20 -0.30 -0.31 0.61 -0.02 0.01 3.20 25 160 -320
160 -280 20 -0.26 -0.23 0.50 0.01 -0.01 1.45 25 160 -280
160 -240 20 -0.50 -0.31 0.81 0.05 0.02 5.73 24 160 -240
160 -200 20 0.03 0.22 -0.25 0.05 0.01 4.76 24 160 -200
160 -160 20 0.69 0.90 -1.59 0.08 0.00 6.44 24 160 -160
160 -120 20 0.27 0.31 -0.57 0.01 -0.00 1.38 25 160 -120
160 -80 20 0.81 0.80 -1.60 0.01 -0.01 3.04 25 160 -80
160 -40 20 1.68 1.48 -3.15 0.00 -0.01 4.92 25 160 -40
160 0 20 0.46 0.40 -0.87 -0.00 -0.00 1.14 26 160 0
160 40 20 0.49 0.43 -0.93 -0.00 -0.00 1.30 26 160 40
160 80 20 0.38 0.34 -0.72 0.00 -0.00 1.24 26 160 80
160 120 20 0.19 0.19 -0.38 0.00 -0.00 1.00 26 160 120
160 160 20 0.23 0.69 -0.92 0.06 -0.02 6.11 25 160 160
160 200 20 -0.34 0.02 0.32 0.02 0.02 3.08 25 160 200
160 240 20 -0.37 -0.14 0.51 -0.00 0.01 1.56 25 160 240
160 280 20 -0.26 -0.14 0.41 -0.01 0.01 1.29 25 160 280
200 -320 20 -0.26 -0.32 0.58 -0.02 -0.01 3.71 25 200 -320
200 -280 20 -0.14 -0.17 0.31 0.00 -0.01 1.05 25 200 -280
200 -240 20 -0.19 -0.31 0.50 0.03 -0.01 3.34 24 200 -240
200 -200 20 0.08 0.03 -0.11 0.03 -0.00 2.89 24 200 -200
200 -160 20 0.46 0.44 -0.90 0.03 0.01 3.92 24 200 -160
200 -120 20 1.52 1.49 -3.01 0.06 0.03 7.58 24 200 -120
200 -80 20 0.44 0.41 -0.85 0.00 0.01 1.60 25 200 -80
200 -40 20 1.15 1.00 -2.15 0.00 0.02 3.30 25 200 -40
200 0 20 3.36 2.86 -6.23 -0.01 0.02 8.44 25 200 0
200 40 20 0.49 0.41 -0.90 -0.00 0.00 1.32 26 200 40
200 80 20 0.37 0.31 -0.68 -0.00 0.00 1.24 26 200 80
200 120 20 0.21 0.16 -0.37 0.00 0.00 1.05 26 200 120
200 160 20 0.56 0.30 -0.86 0.02 0.00 6.56 25 200 160
200 200 20 -0.15 -0.26 0.41 0.01 0.01 3.85 25 200 200
200 240 20 -0.38 -0.41 0.79 0.00 0.00 2.41 25 200 240
200 280 20 -0.73 -0.78 1.51 0.00 0.02 5.94 24 200 280
240 -320 20 -0.14 -0.26 0.40 -0.01 -0.01 2.69 25 240 -320
240 -280 20 -0.68 -1.41 2.10 0.02 -0.07 8.37 24 240 -280
240 -240 20 -0.13 -0.33 0.46 0.02 -0.02 2.94 24 240 -240
240 -200 20 0.07 -0.03 -0.04 0.02 -0.01 2.11 24 240 -200
240 -160 20 0.33 0.20 -0.54 0.02 0.00 2.52 24 240 -160
240 -120 20 0.97 0.70 -1.66 0.02 0.02 4.34 24 240 -120
240 -80 20 2.66 1.96 -4.62 0.03 0.05 8.94 24 240 -80
240 -40 20 0.83 0.61 -1.44 0.00 0.01 2.28 25 240 -40
240 0 20 2.68 2.09 -4.77 -0.00 0.03 6.82 25 240 0
240 40 20 0.48 0.40 -0.88 -0.00 0.00 1.32 26 240 40
240 80 20 0.37 0.29 -0.65 -0.00 0.00 1.25 26 240 80
240 120 20 0.20 0.13 -0.33 -0.00 0.00 0.98 26 240 120
240 160 20 0.64 0.20 -0.84 0.00 0.01 6.10 25 240 160
240 200 20 -0.03 -0.28 0.32 0.00 0.00 3.77 25 240 200
240 240 20 -0.33 -0.51 0.85 0.00 0.00 2.76 25 240 240
240 280 20 -0.63 -0.96 1.59 0.02 0.02 8.52 24 240 280
280 -320 20 -0.18 -0.12 0.29 -0.21 0.01 3.15 25 280 -320
280 -280 20 -0.87 -0.54 1.42 -0.32 -0.01 8.73 24 280 -280
280 -240 20 -0.16 -0.11 0.27 0.03 -0.01 2.41 24 280 -240
280 -200 20 0.03 0.00 -0.04 0.06 -0.00 1.23 24 280 -200
280 -160 20 0.18 0.07 -0.25 0.07 0.00 1.21 24 280 -160
280 -120 20 0.49 0.21 -0.70 0.09 0.00 1.91 24 280 -120
280 -80 20 1.57 0.66 -2.23 0.11 -0.00 4.50 24 280 -80
280 -40 20 0.53 0.23 -0.76 0.00 -0.00 1.33 25 280 -40
280 0 20 1.99 0.88 -2.87 -0.06 -0.02 4.77 25 280 0
280 40 20 0.56 0.25 -0.80 -0.02 -0.00 1.40 26 280 40
280 80 20 0.43 0.18 -0.61 -0.02 -0.00 1.33 26 280 80
280 120 20 0.25 0.10 -0.35 -0.01 -0.01 1.13 26 280 120
280 160 20 0.87 0.32 -1.19 0.02 -0.05 8.18 25 280 160
280 200 20 -0.06 -0.07 0.14 0.05 0.00 4.33 25 280 200
280 240 20 -0.35 -0.24 0.59 0.04 0.01 2.38 25 280 240
280 280 20 -0.09 -0.06 0.15 0.02 0.00 1.23 25 280 280
